170141183460469231731687303715884105727 0.084459
680564733841876926926749214863536422887 0.214810
1361129467683753853853498429727072845819 0.223690
174224571863520493293247799005065324265459 0.226458
1393796574908163946345982392040522594123749 0.211079
2787593149816327892691964784081045188247543 0.214536
1427247692705959881058285969449495136382746619 0.201472
1427247692705959881058285969449495136382746621 0.200006
5708990770823839524233143877797980545530986479 0.220500
365375409332725729550921208179070754913983135729 0.200417
46768052394588893382517914646921056628989841375207 0.463970
93536104789177786765035829293842113257979682750459 0.449813
2993155353253689176481146537402947624255349848014829 0.443877
23945242826029513411849172299223580994042798784118767 0.465171
23945242826029513411849172299223580994042798784118781 0.459051
784637716923335095479473677900958302012794430558004314087 0.425388
1569275433846670190958947355801916604025588861116008628213 0.417794
3138550867693340381917894711603833208051177722232017256429 0.425606
6277101735386680763835789423207666416083908700390324961279 0.412934
25108406941546723055343157692830665664409421777856138051551 0.815973
100433627766186892221372630771322662657637687111424552206321 0.927199
401734511064747568885490523085290650630550748445698208825327 0.833894
33343964418374048217495713416079124002335712120992951332503551 0.884496
102844034832575377634685573909834406561420991602098741459288059 0.826329
6582018229284824168619876730229402019930943462534319453394436067 0.806604
13164036458569648337239753460458804039861886925068638906788872189 0.828324
105312291668557186697918027683670107800341436973822328098290401279 0.896860
3369993333393829974333376885877453834204643052817571560137951281149 0.812555
6739986666787659948666753771754907668409286105635143120275902562187 0.881784
26959946667150639794667015087019630673557916260026308143510066298881 0.820366
107839786668602559178668060348078522694548577690162289924414440996859 1.665466
1725436586697640946858688965569256363112777243042596638790631055949797 1.791078
55213970774324510299478046898216203619608871777363092441300193790394353 1.723897
14134776518227074636666380005943348126619871175004951664972849610340958199 1.623079
3618502788666131106986593281521497120414687020801267626233049500247285301239 1.653062
28723632732102194046035667469577626311807405711506937402182952014414119698431 1.772784
57896044618658097711785492504343953926634992332820282019728792003956564819203 1.716070
57896044618658097711785492504343953926634992332820282019728792003956564819949 1.750401
115636606695615697602567654828622531023877166082715509571142882662199379099647 1.525862
115792089210356248762697446949407573530086143415290314195533631308867097853951 1.775833
115792089237316195423570985008687907853269984665640564039457584007908834671663 1.671242
115792089237316195423570985008687907853269984665640564039457584007913129639747 1.708608
118571099379011784113736688648896417641748464297615937576404566024103044751294461 3.212079
62165404551223330269422781018352605012557018849668464680057997111644937126566671941623 3.057923
3978585891278293137243057985174566720803649206378781739523711815145275976100267004264429 6.026150
4271974071841820164790043412339104229205409044713305539894083215644439451561281100045924173873143 9.707001
8543948143683640329580086824678208458410818089423688076513504625452471533457129634052536482660351 10.695855
139984046386112763159840142535527767382602843577165595931249318810236991948760059086304843329475444719 9.560427
139984046386112763159840142535527767382602843577165595931249318810236991948760059086304843329475444733 10.794406
559936185544451052639360570142111069530411374308662383724997275240947967795040236345219373317901778929 10.302343
1202453802380202612679414065556140558016349465041059773802132977424491020858679523053413887173001575952350707687 18.204322
1231312693637327475383720003129487931408741852202045208373384168882678805359287831606695820465153613775207124697069 18.388721
9850501549098619803069760025035903451269934817616361666987073351061430442874302652853566563721228910201656997576599 18.597490
19701003098197239606139520050071806902539869635232723333974146702122860885748605305707133127442457820403313995152987 18.578935
19701003098197239606139520050071806902539869635232723333974146702122860885748605305707133127442457820403313995153221 16.717235
19701003098197239606139520050071806902539869635232723333974146702122860885748605305707133127442457820403313995153377 18.481658
27242793346725870392864805069239920482418413479970250235261124736529268568574243274298145027791523704776457633923071 18.615959
39399000061888528705747341564979723453684698396802844018513788071802160543945063912606632720166983136866747113537535 18.865701
39402006196394479212279040100143613805079739270465446667948293404245721771496870329047266088258938001861606973112319 18.994636
39402006196394479212279040100143613805079739270465446667948293404245721771497210611414266254884915640806627990306499 18.803833
1260864198284623334792929283204595641762551656654894293374345388935863096687910739565256520156317300505812095689818091 33.087221
5164499756173817179311838344006023748659411585658447025661318713081295244033682389259290706560275662871806343945494986721 32.558687
21153791001287955166461289857048673274508949854856999017108761448780985319561963066406054734070889115122918784800747465736171 28.876614
42307582002575910332922579714097346549017899709713998034217522897561970639123926132812109468141778230245837569601494931472367 33.391068
169230328010303641331690318856389386196071598838855992136870091178871743226194193992506142233229486675299383870011013888737279 28.737569
45427420268475430659332737993000283397102585042957378767593137448789955507087370207886940669610222847547657600391636120845912601788399 48.809094
726838724295606890549323807888004534353641360687318060281490199180612328166730772686396383698676545930088884461843637361053498018365439 56.255871
2907354897182427562197295231552018137414565442749272241125960796722503232560257392025174868824880222981702812136219630589176199293960191 81.716465
11629419588729710248789180926208072549658261770997088964503843186890228609814366773219056811420217048972200345700258846936553626057834493 81.822374
762145642166990290864647761179972242614403843424065222377723867096038022172794340849684107193235344521442121855812163792833978437326241529839 93.324979
3121748550315992231381597229793166305748598142664971150859156959625371737052918555341921773480194470416908415293922726019829017557682084013670399 82.016381