170141183460469231731687303715884105727 0.349004132231405
680564733841876926926749214863536422887 0.3592140468227425
1361129467683753853853498429727072845819 0.3697355371900827
174224571863520493293247799005065324265459 0.3786923076923077
1393796574908163946345982392040522594123749 0.3471694078947368
2787593149816327892691964784081045188247543 0.3528552631578947
1427247692705959881058285969449495136382746619 0.3335629139072848
1427247692705959881058285969449495136382746621 0.33614453781512604
5708990770823839524233143877797980545530986479 0.3620689655172414
365375409332725729550921208179070754913983135729 0.33570686767169183
46768052394588893382517914646921056628989841375207 0.3228740431454419
93536104789177786765035829293842113257979682750459 0.31521583742116327
2993155353253689176481146537402947624255349848014829 0.31127419354838715
23945242826029513411849172299223580994042798784118767 0.3248400837988827
23945242826029513411849172299223580994042798784118781 0.3225938158819395
784637716923335095479473677900958302012794430558004314087 0.3012662889518414
1569275433846670190958947355801916604025588861116008628213 0.2936008432888264
3138550867693340381917894711603833208051177722232017256429 0.2939267955801105
6277101735386680763835789423207666416083908700390324961279 0.2822515379357485
25108406941546723055343157692830665664409421777856138051551 0.2609443556124081
100433627766186892221372630771322662657637687111424552206321 0.2948168521462639
401734511064747568885490523085290650630550748445698208825327 0.2641412733607856
33343964418374048217495713416079124002335712120992951332503551 0.2803473851030111
102844034832575377634685573909834406561420991602098741459288059 0.2628272900763359
6582018229284824168619876730229402019930943462534319453394436067 0.2538885741265345
13164036458569648337239753460458804039861886925068638906788872189 0.2623769401330377
105312291668557186697918027683670107800341436973822328098290401279 0.2874551282051282
3369993333393829974333376885877453834204643052817571560137951281149 0.25885791653392803
6739986666787659948666753771754907668409286105635143120275902562187 0.28154022988505745
26959946667150639794667015087019630673557916260026308143510066298881 0.2624331413947537
107839786668602559178668060348078522694548577690162289924414440996859 0.2655398596938775
1725436586697640946858688965569256363112777243042596638790631055949797 0.282772023997474
55213970774324510299478046898216203619608871777363092441300193790394353 0.27255288537549405
14134776518227074636666380005943348126619871175004951664972849610340958199 0.25841092182773445
3618502788666131106986593281521497120414687020801267626233049500247285301239 0.25825058584596156
28723632732102194046035667469577626311807405711506937402182952014414119698431 0.2805925925925926
57896044618658097711785492504343953926634992332820282019728792003956564819203 0.2696951123683797
57896044618658097711785492504343953926634992332820282019728792003956564819949 0.2744435559736595
115636606695615697602567654828622531023877166082715509571142882662199379099647 0.24177816510854067
115792089210356248762697446949407573530086143415290314195533631308867097853951 0.2817887972072358
115792089237316195423570985008687907853269984665640564039457584007908834671663 0.26894785967170903
115792089237316195423570985008687907853269984665640564039457584007913129639747 0.2678068965517241
118571099379011784113736688648896417641748464297615937576404566024103044751294461 0.280139455782313
62165404551223330269422781018352605012557018849668464680057997111644937126566671941623 0.2647552380952381