170141183460469231731687303715884105727 1.1306984632779977
680564733841876926926749214863536422887 2.8025323601758134
1361129467683753853853498429727072845819 2.91976980365606
174224571863520493293247799005065324265459 3.001827199164709
1393796574908163946345982392040522594123749 2.971384277501454
2787593149816327892691964784081045188247543 3.0832250534058625
1427247692705959881058285969449495136382746619 3.314890775541353
1427247692705959881058285969449495136382746621 3.123326789220061
5708990770823839524233143877797980545530986479 3.115474269320423
365375409332725729550921208179070754913983135729 3.299863291377929
46768052394588893382517914646921056628989841375207 2.8659160696008192
93536104789177786765035829293842113257979682750459 2.973198434258091
2993155353253689176481146537402947624255349848014829 3.200585249874263
23945242826029513411849172299223580994042798784118767 2.786457815019008
23945242826029513411849172299223580994042798784118781 3.363148479427549
784637716923335095479473677900958302012794430558004314087 3.0885305212998304
1569275433846670190958947355801916604025588861116008628213 2.914246739557282
3138550867693340381917894711603833208051177722232017256429 2.8795919206878113
6277101735386680763835789423207666416083908700390324961279 3.2901694437263522
25108406941546723055343157692830665664409421777856138051551 4.13690174314984
100433627766186892221372630771322662657637687111424552206321 4.479143011518914
401734511064747568885490523085290650630550748445698208825327 4.3566087795465505
33343964418374048217495713416079124002335712120992951332503551 4.242967263249091
102844034832575377634685573909834406561420991602098741459288059 4.500860112010933
6582018229284824168619876730229402019930943462534319453394436067 4.28603654410106
13164036458569648337239753460458804039861886925068638906788872189 4.527931479414535
105312291668557186697918027683670107800341436973822328098290401279 4.2702931920813585
3369993333393829974333376885877453834204643052817571560137951281149 4.732369240425831
6739986666787659948666753771754907668409286105635143120275902562187 4.236287418078762
26959946667150639794667015087019630673557916260026308143510066298881 4.049212417584747
107839786668602559178668060348078522694548577690162289924414440996859 4.467569047805336
1725436586697640946858688965569256363112777243042596638790631055949797 4.103299856527977
55213970774324510299478046898216203619608871777363092441300193790394353 4.254558189093131
14134776518227074636666380005943348126619871175004951664972849610340958199 4.300234558248632
3618502788666131106986593281521497120414687020801267626233049500247285301239 4.231645607078389
28723632732102194046035667469577626311807405711506937402182952014414119698431 4.03106872480582
57896044618658097711785492504343953926634992332820282019728792003956564819203 4.3056009994348425
57896044618658097711785492504343953926634992332820282019728792003956564819949 4.200694984091609
115636606695615697602567654828622531023877166082715509571142882662199379099647 4.012390594790129
115792089210356248762697446949407573530086143415290314195533631308867097853951 4.508623135857741
115792089237316195423570985008687907853269984665640564039457584007908834671663 4.4783675376767
115792089237316195423570985008687907853269984665640564039457584007913129639747 4.241696092364946
118571099379011784113736688648896417641748464297615937576404566024103044751294461 5.547150781643974
62165404551223330269422781018352605012557018849668464680057997111644937126566671941623 5.662255339750356
3978585891278293137243057985174566720803649206378781739523711815145275976100267004264429 5.862801653385392
4271974071841820164790043412339104229205409044713305539894083215644439451561281100045924173873143 6.342475297278928
8543948143683640329580086824678208458410818089423688076513504625452471533457129634052536482660351 6.278773888065476
139984046386112763159840142535527767382602843577165595931249318810236991948760059086304843329475444719 6.352898715853005
139984046386112763159840142535527767382602843577165595931249318810236991948760059086304843329475444733 6.219630960803004
559936185544451052639360570142111069530411374308662383724997275240947967795040236345219373317901778929 6.605615387873265
1202453802380202612679414065556140558016349465041059773802132977424491020858679523053413887173001575952350707687 6.173353932548256
1231312693637327475383720003129487931408741852202045208373384168882678805359287831606695820465153613775207124697069 6.52253078510446
9850501549098619803069760025035903451269934817616361666987073351061430442874302652853566563721228910201656997576599 6.336158467112758
19701003098197239606139520050071806902539869635232723333974146702122860885748605305707133127442457820403313995152987 6.209794273809508
19701003098197239606139520050071806902539869635232723333974146702122860885748605305707133127442457820403313995153221 6.207451496302352
19701003098197239606139520050071806902539869635232723333974146702122860885748605305707133127442457820403313995153377 6.412005275464696
27242793346725870392864805069239920482418413479970250235261124736529268568574243274298145027791523704776457633923071 6.249870119074833
39399000061888528705747341564979723453684698396802844018513788071802160543945063912606632720166983136866747113537535 6.198076335014762
39402006196394479212279040100143613805079739270465446667948293404245721771496870329047266088258938001861606973112319 6.120603360226508
39402006196394479212279040100143613805079739270465446667948293404245721771497210611414266254884915640806627990306499 6.167431619425664
1260864198284623334792929283204595641762551656654894293374345388935863096687910739565256520156317300505812095689818091 6.41132085693121
5164499756173817179311838344006023748659411585658447025661318713081295244033682389259290706560275662871806343945494986721 6.151255275403095
21153791001287955166461289857048673274508949854856999017108761448780985319561963066406054734070889115122918784800747465736171 7.178878748711743
42307582002575910332922579714097346549017899709713998034217522897561970639123926132812109468141778230245837569601494931472367 7.0719227699518585
169230328010303641331690318856389386196071598838855992136870091178871743226194193992506142233229486675299383870011013888737279 6.275525680521419
45427420268475430659332737993000283397102585042957378767593137448789955507087370207886940669610222847547657600391636120845912601788399 7.137599963034718
726838724295606890549323807888004534353641360687318060281490199180612328166730772686396383698676545930088884461843637361053498018365439 6.385653416992068
2907354897182427562197295231552018137414565442749272241125960796722503232560257392025174868824880222981702812136219630589176199293960191 5.993475659891774
11629419588729710248789180926208072549658261770997088964503843186890228609814366773219056811420217048972200345700258846936553626057834493 6.032738295722465
762145642166990290864647761179972242614403843424065222377723867096038022172794340849684107193235344521442121855812163792833978437326241529839 6.033182911341099
3121748550315992231381597229793166305748598142664971150859156959625371737052918555341921773480194470416908415293922726019829017557682084013670399 6.07353423636641
799167628880894011233688890827050574271641124522232614619944181664095165137859998750798362384253944616915694367080095461234681773897801038410285039 5.892989300300064
1598335257761788022467377781654101148543282249044465229239888363328190330275719997501596724768507889233831388734160190922469363547795602076820570091 5.951631137594696
102293456496754433437912178025862473506770063938845774671352855253004181137646079840102190385184504910965208878986252219038039267058918532916516487137 5.948009908175958
3292621777717531703499517186296461297235914818063567795121505704883698582458552017893209304118318844074148143396809486426396407928092469737516832688963583 7.7197589319743365
6703903964971298549787012499102923063739682910296196688861780721860882015036773488400937149083451713845015929093243025426876941405973284973216824503041567 6.036817781531528
6703903964971298549787012499102923063739682910296196688861780721860882015036773488400937149083451713845015929093243025426876941405973284973216824503041861 5.956015684741269
13307355755662784245937995239384449178495717617804446826996292939863313924196378526398893947208652243867464023067321551174658528251694711947109629815685119 5.9991349226589845
13407807929942597099574024998205846127479365820592393377723561443721764030073546976801874298166903427690031858186486050853753882811946569946433649006083527 6.003640252500472
6864797660130609714981900799081393217269435300143305409394463459185543183397656052122559640661454554977296311391480858037121987999716643812574028291115057151 5.827988621834756