170141183460469231731687303715884105727 0.162
170141183460469231731687303715884105727 0.082
170141183460469231731687303715884105727 0.939
170141183460469231731687303715884105727 0.105
680564733841876926926749214863536422887 0.179
680564733841876926926749214863536422887 0.071
680564733841876926926749214863536422887 2.127
680564733841876926926749214863536422887 0.428
1361129467683753853853498429727072845819 0.182
1361129467683753853853498429727072845819 0.074
1361129467683753853853498429727072845819 2.155
1361129467683753853853498429727072845819 0.44
174224571863520493293247799005065324265459 0.271
174224571863520493293247799005065324265459 0.078
174224571863520493293247799005065324265459 2.112
174224571863520493293247799005065324265459 0.462
1393796574908163946345982392040522594123749 0.274
1393796574908163946345982392040522594123749 0.071
1393796574908163946345982392040522594123749 2.164
1393796574908163946345982392040522594123749 0.436
2787593149816327892691964784081045188247543 0.28
2787593149816327892691964784081045188247543 0.08
2787593149816327892691964784081045188247543 2.166
2787593149816327892691964784081045188247543 0.439
1427247692705959881058285969449495136382746619 0.284
1427247692705959881058285969449495136382746619 0.072
1427247692705959881058285969449495136382746619 2.104
1427247692705959881058285969449495136382746619 0.428
1427247692705959881058285969449495136382746621 0.284
1427247692705959881058285969449495136382746621 0.072
1427247692705959881058285969449495136382746621 2.156
1427247692705959881058285969449495136382746621 0.413
5708990770823839524233143877797980545530986479 0.293
5708990770823839524233143877797980545530986479 0.085
5708990770823839524233143877797980545530986479 2.164
5708990770823839524233143877797980545530986479 0.439
365375409332725729550921208179070754913983135729 0.277
365375409332725729550921208179070754913983135729 0.086
365375409332725729550921208179070754913983135729 2.161
365375409332725729550921208179070754913983135729 0.434
46768052394588893382517914646921056628989841375207 0.415
46768052394588893382517914646921056628989841375207 0.096
46768052394588893382517914646921056628989841375207 4.416
46768052394588893382517914646921056628989841375207 0.439
93536104789177786765035829293842113257979682750459 0.388
93536104789177786765035829293842113257979682750459 0.084
93536104789177786765035829293842113257979682750459 4.565
93536104789177786765035829293842113257979682750459 0.417
2993155353253689176481146537402947624255349848014829 0.42
2993155353253689176481146537402947624255349848014829 0.096
2993155353253689176481146537402947624255349848014829 4.47
2993155353253689176481146537402947624255349848014829 0.44
23945242826029513411849172299223580994042798784118767 0.422
23945242826029513411849172299223580994042798784118767 0.084
23945242826029513411849172299223580994042798784118767 4.504
23945242826029513411849172299223580994042798784118767 0.457
23945242826029513411849172299223580994042798784118781 0.394
23945242826029513411849172299223580994042798784118781 0.096
23945242826029513411849172299223580994042798784118781 4.621
23945242826029513411849172299223580994042798784118781 0.444
784637716923335095479473677900958302012794430558004314087 0.551
784637716923335095479473677900958302012794430558004314087 0.137
784637716923335095479473677900958302012794430558004314087 4.505
784637716923335095479473677900958302012794430558004314087 0.422
1569275433846670190958947355801916604025588861116008628213 0.581
1569275433846670190958947355801916604025588861116008628213 0.126
1569275433846670190958947355801916604025588861116008628213 4.532
1569275433846670190958947355801916604025588861116008628213 0.442
3138550867693340381917894711603833208051177722232017256429 0.574
3138550867693340381917894711603833208051177722232017256429 0.135
3138550867693340381917894711603833208051177722232017256429 4.508
3138550867693340381917894711603833208051177722232017256429 0.456
6277101735386680763835789423207666416083908700390324961279 4.643
6277101735386680763835789423207666416083908700390324961279 0.465
25108406941546723055343157692830665664409421777856138051551 0.578
25108406941546723055343157692830665664409421777856138051551 0.14
25108406941546723055343157692830665664409421777856138051551 8.587
25108406941546723055343157692830665664409421777856138051551 1.387
100433627766186892221372630771322662657637687111424552206321 0.583
100433627766186892221372630771322662657637687111424552206321 0.144
100433627766186892221372630771322662657637687111424552206321 8.783
100433627766186892221372630771322662657637687111424552206321 1.409
401734511064747568885490523085290650630550748445698208825327 0.549
401734511064747568885490523085290650630550748445698208825327 0.147
401734511064747568885490523085290650630550748445698208825327 8.592
401734511064747568885490523085290650630550748445698208825327 1.378
33343964418374048217495713416079124002335712120992951332503551 8.936
33343964418374048217495713416079124002335712120992951332503551 1.357
102844034832575377634685573909834406561420991602098741459288059 0.597
102844034832575377634685573909834406561420991602098741459288059 0.136
102844034832575377634685573909834406561420991602098741459288059 8.567
102844034832575377634685573909834406561420991602098741459288059 1.36
6582018229284824168619876730229402019930943462534319453394436067 0.794
6582018229284824168619876730229402019930943462534319453394436067 0.142
6582018229284824168619876730229402019930943462534319453394436067 8.9
6582018229284824168619876730229402019930943462534319453394436067 1.342
13164036458569648337239753460458804039861886925068638906788872189 0.576
13164036458569648337239753460458804039861886925068638906788872189 0.138
13164036458569648337239753460458804039861886925068638906788872189 8.903
13164036458569648337239753460458804039861886925068638906788872189 1.401
105312291668557186697918027683670107800341436973822328098290401279 8.753
105312291668557186697918027683670107800341436973822328098290401279 1.389
3369993333393829974333376885877453834204643052817571560137951281149 0.835
3369993333393829974333376885877453834204643052817571560137951281149 0.139
3369993333393829974333376885877453834204643052817571560137951281149 8.917
3369993333393829974333376885877453834204643052817571560137951281149 1.374
6739986666787659948666753771754907668409286105635143120275902562187 0.798
6739986666787659948666753771754907668409286105635143120275902562187 0.149
6739986666787659948666753771754907668409286105635143120275902562187 8.91
6739986666787659948666753771754907668409286105635143120275902562187 1.341
26959946667150639794667015087019630673557916260026308143510066298881 8.671
26959946667150639794667015087019630673557916260026308143510066298881 1.353
107839786668602559178668060348078522694548577690162289924414440996859 0.827
107839786668602559178668060348078522694548577690162289924414440996859 0.151
107839786668602559178668060348078522694548577690162289924414440996859 15.402
107839786668602559178668060348078522694548577690162289924414440996859 1.355
1725436586697640946858688965569256363112777243042596638790631055949797 0.873
1725436586697640946858688965569256363112777243042596638790631055949797 0.151
1725436586697640946858688965569256363112777243042596638790631055949797 16.138
1725436586697640946858688965569256363112777243042596638790631055949797 1.348
55213970774324510299478046898216203619608871777363092441300193790394353 0.87
55213970774324510299478046898216203619608871777363092441300193790394353 0.144
55213970774324510299478046898216203619608871777363092441300193790394353 15.186
55213970774324510299478046898216203619608871777363092441300193790394353 1.341
14134776518227074636666380005943348126619871175004951664972849610340958199 0.877
14134776518227074636666380005943348126619871175004951664972849610340958199 0.229
14134776518227074636666380005943348126619871175004951664972849610340958199 15.29
14134776518227074636666380005943348126619871175004951664972849610340958199 1.376
3618502788666131106986593281521497120414687020801267626233049500247285301239 1.156
3618502788666131106986593281521497120414687020801267626233049500247285301239 0.252
3618502788666131106986593281521497120414687020801267626233049500247285301239 15.669
3618502788666131106986593281521497120414687020801267626233049500247285301239 1.357
28723632732102194046035667469577626311807405711506937402182952014414119698431 15.532
28723632732102194046035667469577626311807405711506937402182952014414119698431 1.382
57896044618658097711785492504343953926634992332820282019728792003956564819203 1.475
57896044618658097711785492504343953926634992332820282019728792003956564819203 0.237
57896044618658097711785492504343953926634992332820282019728792003956564819203 15.101
57896044618658097711785492504343953926634992332820282019728792003956564819203 1.343
57896044618658097711785492504343953926634992332820282019728792003956564819949 1.166
57896044618658097711785492504343953926634992332820282019728792003956564819949 0.265
57896044618658097711785492504343953926634992332820282019728792003956564819949 15.603
57896044618658097711785492504343953926634992332820282019728792003956564819949 1.355
115636606695615697602567654828622531023877166082715509571142882662199379099647 15.398
115636606695615697602567654828622531023877166082715509571142882662199379099647 1.407
115792089210356248762697446949407573530086143415290314195533631308867097853951 15.565
115792089210356248762697446949407573530086143415290314195533631308867097853951 1.372
115792089237316195423570985008687907853269984665640564039457584007908834671663 0.386
115792089237316195423570985008687907853269984665640564039457584007908834671663 15.528
115792089237316195423570985008687907853269984665640564039457584007908834671663 1.38
115792089237316195423570985008687907853269984665640564039457584007913129639747 1.397
115792089237316195423570985008687907853269984665640564039457584007913129639747 0.242
115792089237316195423570985008687907853269984665640564039457584007913129639747 15.555
115792089237316195423570985008687907853269984665640564039457584007913129639747 1.378
118571099379011784113736688648896417641748464297615937576404566024103044751294461 1.177
118571099379011784113736688648896417641748464297615937576404566024103044751294461 0.255
118571099379011784113736688648896417641748464297615937576404566024103044751294461 26.274
118571099379011784113736688648896417641748464297615937576404566024103044751294461 3.529
62165404551223330269422781018352605012557018849668464680057997111644937126566671941623 1.533
62165404551223330269422781018352605012557018849668464680057997111644937126566671941623 0.283
62165404551223330269422781018352605012557018849668464680057997111644937126566671941623 25.808
62165404551223330269422781018352605012557018849668464680057997111644937126566671941623 3.462
3978585891278293137243057985174566720803649206378781739523711815145275976100267004264429 2.092
3978585891278293137243057985174566720803649206378781739523711815145275976100267004264429 0.287
3978585891278293137243057985174566720803649206378781739523711815145275976100267004264429 42.02
3978585891278293137243057985174566720803649206378781739523711815145275976100267004264429 3.397
4271974071841820164790043412339104229205409044713305539894083215644439451561281100045924173873143 2.585
4271974071841820164790043412339104229205409044713305539894083215644439451561281100045924173873143 0.429
4271974071841820164790043412339104229205409044713305539894083215644439451561281100045924173873143 8.095
8543948143683640329580086824678208458410818089423688076513504625452471533457129634052536482660351 7.88
139984046386112763159840142535527767382602843577165595931249318810236991948760059086304843329475444719 2.814
139984046386112763159840142535527767382602843577165595931249318810236991948760059086304843329475444719 0.481
139984046386112763159840142535527767382602843577165595931249318810236991948760059086304843329475444719 8.031
139984046386112763159840142535527767382602843577165595931249318810236991948760059086304843329475444733 2.758
139984046386112763159840142535527767382602843577165595931249318810236991948760059086304843329475444733 0.484
139984046386112763159840142535527767382602843577165595931249318810236991948760059086304843329475444733 7.838
559936185544451052639360570142111069530411374308662383724997275240947967795040236345219373317901778929 2.752
559936185544451052639360570142111069530411374308662383724997275240947967795040236345219373317901778929 0.468
559936185544451052639360570142111069530411374308662383724997275240947967795040236345219373317901778929 7.887
1202453802380202612679414065556140558016349465041059773802132977424491020858679523053413887173001575952350707687 4.275
1202453802380202612679414065556140558016349465041059773802132977424491020858679523053413887173001575952350707687 0.741
1202453802380202612679414065556140558016349465041059773802132977424491020858679523053413887173001575952350707687 7.676
1231312693637327475383720003129487931408741852202045208373384168882678805359287831606695820465153613775207124697069 4.508
1231312693637327475383720003129487931408741852202045208373384168882678805359287831606695820465153613775207124697069 0.742
1231312693637327475383720003129487931408741852202045208373384168882678805359287831606695820465153613775207124697069 7.887
9850501549098619803069760025035903451269934817616361666987073351061430442874302652853566563721228910201656997576599 5.262
9850501549098619803069760025035903451269934817616361666987073351061430442874302652853566563721228910201656997576599 0.752
9850501549098619803069760025035903451269934817616361666987073351061430442874302652853566563721228910201656997576599 7.8
19701003098197239606139520050071806902539869635232723333974146702122860885748605305707133127442457820403313995152987 6.132
19701003098197239606139520050071806902539869635232723333974146702122860885748605305707133127442457820403313995152987 0.788
19701003098197239606139520050071806902539869635232723333974146702122860885748605305707133127442457820403313995152987 7.814
19701003098197239606139520050071806902539869635232723333974146702122860885748605305707133127442457820403313995153221 5.301
19701003098197239606139520050071806902539869635232723333974146702122860885748605305707133127442457820403313995153221 0.733
19701003098197239606139520050071806902539869635232723333974146702122860885748605305707133127442457820403313995153221 7.841
19701003098197239606139520050071806902539869635232723333974146702122860885748605305707133127442457820403313995153377 5.337
19701003098197239606139520050071806902539869635232723333974146702122860885748605305707133127442457820403313995153377 0.772
19701003098197239606139520050071806902539869635232723333974146702122860885748605305707133127442457820403313995153377 7.815
27242793346725870392864805069239920482418413479970250235261124736529268568574243274298145027791523704776457633923071 7.728
39399000061888528705747341564979723453684698396802844018513788071802160543945063912606632720166983136866747113537535 7.734
39402006196394479212279040100143613805079739270465446667948293404245721771496870329047266088258938001861606973112319 7.942
39402006196394479212279040100143613805079739270465446667948293404245721771497210611414266254884915640806627990306499 5.276
39402006196394479212279040100143613805079739270465446667948293404245721771497210611414266254884915640806627990306499 0.783
39402006196394479212279040100143613805079739270465446667948293404245721771497210611414266254884915640806627990306499 7.789
1260864198284623334792929283204595641762551656654894293374345388935863096687910739565256520156317300505812095689818091 5.386
1260864198284623334792929283204595641762551656654894293374345388935863096687910739565256520156317300505812095689818091 0.772
1260864198284623334792929283204595641762551656654894293374345388935863096687910739565256520156317300505812095689818091 16.696
5164499756173817179311838344006023748659411585658447025661318713081295244033682389259290706560275662871806343945494986721 5.679
5164499756173817179311838344006023748659411585658447025661318713081295244033682389259290706560275662871806343945494986721 0.817
5164499756173817179311838344006023748659411585658447025661318713081295244033682389259290706560275662871806343945494986721 16.384
21153791001287955166461289857048673274508949854856999017108761448780985319561963066406054734070889115122918784800747465736171 6.857
21153791001287955166461289857048673274508949854856999017108761448780985319561963066406054734070889115122918784800747465736171 1.129
21153791001287955166461289857048673274508949854856999017108761448780985319561963066406054734070889115122918784800747465736171 16.396
42307582002575910332922579714097346549017899709713998034217522897561970639123926132812109468141778230245837569601494931472367 6.826
42307582002575910332922579714097346549017899709713998034217522897561970639123926132812109468141778230245837569601494931472367 1.114
42307582002575910332922579714097346549017899709713998034217522897561970639123926132812109468141778230245837569601494931472367 16.563
169230328010303641331690318856389386196071598838855992136870091178871743226194193992506142233229486675299383870011013888737279 16.25
45427420268475430659332737993000283397102585042957378767593137448789955507087370207886940669610222847547657600391636120845912601788399 8.677
45427420268475430659332737993000283397102585042957378767593137448789955507087370207886940669610222847547657600391636120845912601788399 1.247
45427420268475430659332737993000283397102585042957378767593137448789955507087370207886940669610222847547657600391636120845912601788399 16.577
726838724295606890549323807888004534353641360687318060281490199180612328166730772686396383698676545930088884461843637361053498018365439 16.667
2907354897182427562197295231552018137414565442749272241125960796722503232560257392025174868824880222981702812136219630589176199293960191 31.487
11629419588729710248789180926208072549658261770997088964503843186890228609814366773219056811420217048972200345700258846936553626057834493 7.571
11629419588729710248789180926208072549658261770997088964503843186890228609814366773219056811420217048972200345700258846936553626057834493 1.262
11629419588729710248789180926208072549658261770997088964503843186890228609814366773219056811420217048972200345700258846936553626057834493 31.144
762145642166990290864647761179972242614403843424065222377723867096038022172794340849684107193235344521442121855812163792833978437326241529839 9.416
762145642166990290864647761179972242614403843424065222377723867096038022172794340849684107193235344521442121855812163792833978437326241529839 1.33
762145642166990290864647761179972242614403843424065222377723867096038022172794340849684107193235344521442121855812163792833978437326241529839 31.843
3121748550315992231381597229793166305748598142664971150859156959625371737052918555341921773480194470416908415293922726019829017557682084013670399 31.728
799167628880894011233688890827050574271641124522232614619944181664095165137859998750798362384253944616915694367080095461234681773897801038410285039 13.013
799167628880894011233688890827050574271641124522232614619944181664095165137859998750798362384253944616915694367080095461234681773897801038410285039 1.831
799167628880894011233688890827050574271641124522232614619944181664095165137859998750798362384253944616915694367080095461234681773897801038410285039 31.702
1598335257761788022467377781654101148543282249044465229239888363328190330275719997501596724768507889233831388734160190922469363547795602076820570091 13.045
1598335257761788022467377781654101148543282249044465229239888363328190330275719997501596724768507889233831388734160190922469363547795602076820570091 1.804
1598335257761788022467377781654101148543282249044465229239888363328190330275719997501596724768507889233831388734160190922469363547795602076820570091 31.306
102293456496754433437912178025862473506770063938845774671352855253004181137646079840102190385184504910965208878986252219038039267058918532916516487137 13.154
102293456496754433437912178025862473506770063938845774671352855253004181137646079840102190385184504910965208878986252219038039267058918532916516487137 1.882
102293456496754433437912178025862473506770063938845774671352855253004181137646079840102190385184504910965208878986252219038039267058918532916516487137 31.639
3292621777717531703499517186296461297235914818063567795121505704883698582458552017893209304118318844074148143396809486426396407928092469737516832688963583 31.211
6703903964971298549787012499102923063739682910296196688861780721860882015036773488400937149083451713845015929093243025426876941405973284973216824503041567 19.768
6703903964971298549787012499102923063739682910296196688861780721860882015036773488400937149083451713845015929093243025426876941405973284973216824503041567 2.476
6703903964971298549787012499102923063739682910296196688861780721860882015036773488400937149083451713845015929093243025426876941405973284973216824503041567 31.287
6703903964971298549787012499102923063739682910296196688861780721860882015036773488400937149083451713845015929093243025426876941405973284973216824503041861 17.696
6703903964971298549787012499102923063739682910296196688861780721860882015036773488400937149083451713845015929093243025426876941405973284973216824503041861 2.485
6703903964971298549787012499102923063739682910296196688861780721860882015036773488400937149083451713845015929093243025426876941405973284973216824503041861 31.831
13307355755662784245937995239384449178495717617804446826996292939863313924196378526398893947208652243867464023067321551174658528251694711947109629815685119 31.53
13407807929942597099574024998205846127479365820592393377723561443721764030073546976801874298166903427690031858186486050853753882811946569946433649006083527 19.697
13407807929942597099574024998205846127479365820592393377723561443721764030073546976801874298166903427690031858186486050853753882811946569946433649006083527 2.514
13407807929942597099574024998205846127479365820592393377723561443721764030073546976801874298166903427690031858186486050853753882811946569946433649006083527 31.762
6864797660130609714981900799081393217269435300143305409394463459185543183397656052122559640661454554977296311391480858037121987999716643812574028291115057151 12.415
6864797660130609714981900799081393217269435300143305409394463459185543183397656052122559640661454554977296311391480858037121987999716643812574028291115057151 1.973
6864797660130609714981900799081393217269435300143305409394463459185543183397656052122559640661454554977296311391480858037121987999716643812574028291115057151 55.717