170141183460469231731687303715884105727 4.909090909090909
170141183460469231731687303715884105727 6.833333333333333
170141183460469231731687303715884105727 4.942105263157894
170141183460469231731687303715884105727 4.565217391304348
680564733841876926926749214863536422887 5.26470588235294
680564733841876926926749214863536422887 5.916666666666666
680564733841876926926749214863536422887 3.5568561872909696
680564733841876926926749214863536422887 3.0791366906474815
1361129467683753853853498429727072845819 5.515151515151515
1361129467683753853853498429727072845819 6.166666666666666
1361129467683753853853498429727072845819 3.56198347107438
1361129467683753853853498429727072845819 3.1884057971014492
174224571863520493293247799005065324265459 4.927272727272728
174224571863520493293247799005065324265459 6.0
174224571863520493293247799005065324265459 3.5317725752508364
174224571863520493293247799005065324265459 3.372262773722628
1393796574908163946345982392040522594123749 4.807017543859649
1393796574908163946345982392040522594123749 5.071428571428571
1393796574908163946345982392040522594123749 3.55921052631579
1393796574908163946345982392040522594123749 3.1594202898550723
2787593149816327892691964784081045188247543 4.827586206896552
2787593149816327892691964784081045188247543 5.714285714285714
2787593149816327892691964784081045188247543 3.5625
2787593149816327892691964784081045188247543 3.2043795620437954
1427247692705959881058285969449495136382746619 4.437499999999999
1427247692705959881058285969449495136382746619 4.8
1427247692705959881058285969449495136382746619 3.483443708609272
1427247692705959881058285969449495136382746619 3.1014492753623184
1427247692705959881058285969449495136382746621 4.507936507936508
1427247692705959881058285969449495136382746621 4.8
1427247692705959881058285969449495136382746621 3.6235294117647063
1427247692705959881058285969449495136382746621 2.9927536231884053
5708990770823839524233143877797980545530986479 4.439393939393939
5708990770823839524233143877797980545530986479 5.3125
5708990770823839524233143877797980545530986479 3.5533661740558293
5708990770823839524233143877797980545530986479 3.2043795620437954
365375409332725729550921208179070754913983135729 3.9571428571428573
365375409332725729550921208179070754913983135729 5.058823529411764
365375409332725729550921208179070754913983135729 3.619765494137354
365375409332725729550921208179070754913983135729 3.144927536231884
46768052394588893382517914646921056628989841375207 3.9150943396226414
46768052394588893382517914646921056628989841375207 5.333333333333334
46768052394588893382517914646921056628989841375207 3.073068893528184
46768052394588893382517914646921056628989841375207 3.158273381294964
93536104789177786765035829293842113257979682750459 3.6261682242990654
93536104789177786765035829293842113257979682750459 4.666666666666667
93536104789177786765035829293842113257979682750459 3.1990189208128945
93536104789177786765035829293842113257979682750459 2.9999999999999996
2993155353253689176481146537402947624255349848014829 3.716814159292035
2993155353253689176481146537402947624255349848014829 5.052631578947369
2993155353253689176481146537402947624255349848014829 3.134642356241234
2993155353253689176481146537402947624255349848014829 3.1654676258992804
23945242826029513411849172299223580994042798784118767 3.5166666666666666
23945242826029513411849172299223580994042798784118767 4.2
23945242826029513411849172299223580994042798784118767 3.1452513966480447
23945242826029513411849172299223580994042798784118767 3.287769784172662
23945242826029513411849172299223580994042798784118781 3.3675213675213675
23945242826029513411849172299223580994042798784118781 5.052631578947369
23945242826029513411849172299223580994042798784118781 3.2473647224174282
23945242826029513411849172299223580994042798784118781 3.1942446043165464
784637716923335095479473677900958302012794430558004314087 3.0109289617486343
784637716923335095479473677900958302012794430558004314087 3.4250000000000003
784637716923335095479473677900958302012794430558004314087 3.1905099150141645
784637716923335095479473677900958302012794430558004314087 3.014285714285714
1569275433846670190958947355801916604025588861116008628213 3.157608695652174
1569275433846670190958947355801916604025588861116008628213 3.15
1569275433846670190958947355801916604025588861116008628213 3.184820801124385
1569275433846670190958947355801916604025588861116008628213 3.157142857142857
3138550867693340381917894711603833208051177722232017256429 3.086021505376344
3138550867693340381917894711603833208051177722232017256429 3.1395348837209305
3138550867693340381917894711603833208051177722232017256429 3.1132596685082876
3138550867693340381917894711603833208051177722232017256429 3.2805755395683454
6277101735386680763835789423207666416083908700390324961279 3.173615857826384
6277101735386680763835789423207666416083908700390324961279 3.321428571428571
25108406941546723055343157692830665664409421777856138051551 3.0261780104712037
25108406941546723055343157692830665664409421777856138051551 3.414634146341464
25108406941546723055343157692830665664409421777856138051551 2.746082507195395
25108406941546723055343157692830665664409421777856138051551 2.4333333333333336
100433627766186892221372630771322662657637687111424552206321 2.974489795918367
100433627766186892221372630771322662657637687111424552206321 3.428571428571428
100433627766186892221372630771322662657637687111424552206321 2.79268680445151
100433627766186892221372630771322662657637687111424552206321 2.471929824561404
401734511064747568885490523085290650630550748445698208825327 2.8010204081632653
401734511064747568885490523085290650630550748445698208825327 3.418604651162791
401734511064747568885490523085290650630550748445698208825327 2.7215711118150145
401734511064747568885490523085290650630550748445698208825327 2.4175438596491228
33343964418374048217495713416079124002335712120992951332503551 2.8323296354992076
33343964418374048217495713416079124002335712120992951332503551 2.3723776223776225
102844034832575377634685573909834406561420991602098741459288059 2.540425531914894
102844034832575377634685573909834406561420991602098741459288059 2.956521739130435
102844034832575377634685573909834406561420991602098741459288059 2.724872773536896
102844034832575377634685573909834406561420991602098741459288059 2.3901581722319865
6582018229284824168619876730229402019930943462534319453394436067 2.544871794871795
6582018229284824168619876730229402019930943462534319453394436067 2.958333333333333
6582018229284824168619876730229402019930943462534319453394436067 2.8013849543594587
6582018229284824168619876730229402019930943462534319453394436067 2.342059336823735
13164036458569648337239753460458804039861886925068638906788872189 2.351020408163265
13164036458569648337239753460458804039861886925068638906788872189 2.816326530612245
13164036458569648337239753460458804039861886925068638906788872189 2.8200823566677227
13164036458569648337239753460458804039861886925068638906788872189 2.4493006993006996
105312291668557186697918027683670107800341436973822328098290401279 2.805448717948718
105312291668557186697918027683670107800341436973822328098290401279 2.2475728155339807
3369993333393829974333376885877453834204643052817571560137951281149 2.455882352941176
3369993333393829974333376885877453834204643052817571560137951281149 2.622641509433963
3369993333393829974333376885877453834204643052817571560137951281149 2.840713603058299
3369993333393829974333376885877453834204643052817571560137951281149 2.3895652173913047
6739986666787659948666753771754907668409286105635143120275902562187 2.326530612244898
6739986666787659948666753771754907668409286105635143120275902562187 2.811320754716981
6739986666787659948666753771754907668409286105635143120275902562187 2.8448275862068964
6739986666787659948666753771754907668409286105635143120275902562187 2.3362369337979096
26959946667150639794667015087019630673557916260026308143510066298881 2.773832373640435
26959946667150639794667015087019630673557916260026308143510066298881 2.1893203883495147
107839786668602559178668060348078522694548577690162289924414440996859 2.506060606060606
107839786668602559178668060348078522694548577690162289924414440996859 2.7962962962962963
107839786668602559178668060348078522694548577690162289924414440996859 2.455676020408163
107839786668602559178668060348078522694548577690162289924414440996859 2.373029772329247
1725436586697640946858688965569256363112777243042596638790631055949797 2.567647058823529
1725436586697640946858688965569256363112777243042596638790631055949797 2.696428571428571
1725436586697640946858688965569256363112777243042596638790631055949797 2.5478370697821284
1725436586697640946858688965569256363112777243042596638790631055949797 2.3607705779334505
55213970774324510299478046898216203619608871777363092441300193790394353 2.423398328690808
55213970774324510299478046898216203619608871777363092441300193790394353 2.482758620689655
55213970774324510299478046898216203619608871777363092441300193790394353 2.4009486166007905
55213970774324510299478046898216203619608871777363092441300193790394353 2.3403141361256545
14134776518227074636666380005943348126619871175004951664972849610340958199 2.351206434316354
14134776518227074636666380005943348126619871175004951664972849610340958199 2.313131313131313
14134776518227074636666380005943348126619871175004951664972849610340958199 2.4343257443082313
14134776518227074636666380005943348126619871175004951664972849610340958199 2.2193548387096773
3618502788666131106986593281521497120414687020801267626233049500247285301239 2.2578125
3618502788666131106986593281521497120414687020801267626233049500247285301239 2.4230769230769234
3618502788666131106986593281521497120414687020801267626233049500247285301239 2.447898765817841
3618502788666131106986593281521497120414687020801267626233049500247285301239 2.164274322169059
28723632732102194046035667469577626311807405711506937402182952014414119698431 2.4583729028173473
28723632732102194046035667469577626311807405711506937402182952014414119698431 2.20414673046252
57896044618658097711785492504343953926634992332820282019728792003956564819203 2.22809667673716
57896044618658097711785492504343953926634992332820282019728792003956564819203 2.2358490566037736
57896044618658097711785492504343953926634992332820282019728792003956564819203 2.373251610875373
57896044618658097711785492504343953926634992332820282019728792003956564819203 2.1801948051948052
57896044618658097711785492504343953926634992332820282019728792003956564819949 2.2294455066921604
57896044618658097711785492504343953926634992332820282019728792003956564819949 2.476635514018692
57896044618658097711785492504343953926634992332820282019728792003956564819949 2.4463781749764815
57896044618658097711785492504343953926634992332820282019728792003956564819949 2.168
115636606695615697602567654828622531023877166082715509571142882662199379099647 2.4398668990651244
115636606695615697602567654828622531023877166082715509571142882662199379099647 2.273021001615509
115792089210356248762697446949407573530086143415290314195533631308867097853951 2.4698508410028563
115792089210356248762697446949407573530086143415290314195533631308867097853951 2.202247191011236
115792089237316195423570985008687907853269984665640564039457584007908834671663 2.382716049382716
115792089237316195423570985008687907853269984665640564039457584007908834671663 2.4988735114258125
115792089237316195423570985008687907853269984665640564039457584007908834671663 2.1904761904761902
115792089237316195423570985008687907853269984665640564039457584007913129639747 2.0975975975975976
115792089237316195423570985008687907853269984665640564039457584007913129639747 2.240740740740741
115792089237316195423570985008687907853269984665640564039457584007913129639747 2.438087774294671
115792089237316195423570985008687907853269984665640564039457584007913129639747 2.2442996742671006
118571099379011784113736688648896417641748464297615937576404566024103044751294461 2.079505300353357
118571099379011784113736688648896417641748464297615937576404566024103044751294461 2.217391304347826
118571099379011784113736688648896417641748464297615937576404566024103044751294461 2.2914704343275774
118571099379011784113736688648896417641748464297615937576404566024103044751294461 1.9326396495071192
62165404551223330269422781018352605012557018849668464680057997111644937126566671941623 1.9067164179104474
62165404551223330269422781018352605012557018849668464680057997111644937126566671941623 2.1769230769230767
62165404551223330269422781018352605012557018849668464680057997111644937126566671941623 2.2344588744588743
62165404551223330269422781018352605012557018849668464680057997111644937126566671941623 1.8897379912663756
3978585891278293137243057985174566720803649206378781739523711815145275976100267004264429 2.0610837438423646
3978585891278293137243057985174566720803649206378781739523711815145275976100267004264429 2.1102941176470584
3978585891278293137243057985174566720803649206378781739523711815145275976100267004264429 1.8603504928806132
4271974071841820164790043412339104229205409044713305539894083215644439451561281100045924173873143 1.7478025693035835
4271974071841820164790043412339104229205409044713305539894083215644439451561281100045924173873143 1.6007462686567162
4271974071841820164790043412339104229205409044713305539894083215644439451561281100045924173873143 1.6646103228459799
8543948143683640329580086824678208458410818089423688076513504625452471533457129634052536482660351 1.6585981898547673
139984046386112763159840142535527767382602843577165595931249318810236991948760059086304843329475444719 1.7424148606811145
139984046386112763159840142535527767382602843577165595931249318810236991948760059086304843329475444719 1.8429118773946358
139984046386112763159840142535527767382602843577165595931249318810236991948760059086304843329475444719 1.6975269499048828
139984046386112763159840142535527767382602843577165595931249318810236991948760059086304843329475444733 1.6941031941031943
139984046386112763159840142535527767382602843577165595931249318810236991948760059086304843329475444733 1.8544061302681991
139984046386112763159840142535527767382602843577165595931249318810236991948760059086304843329475444733 1.6483701366982124
559936185544451052639360570142111069530411374308662383724997275240947967795040236345219373317901778929 1.6904176904176904
559936185544451052639360570142111069530411374308662383724997275240947967795040236345219373317901778929 1.7593984962406015
559936185544451052639360570142111069530411374308662383724997275240947967795040236345219373317901778929 1.670266836086404
1202453802380202612679414065556140558016349465041059773802132977424491020858679523053413887173001575952350707687 1.5636430138990491
1202453802380202612679414065556140558016349465041059773802132977424491020858679523053413887173001575952350707687 1.6764705882352942
1202453802380202612679414065556140558016349465041059773802132977424491020858679523053413887173001575952350707687 1.6248941574936495
1231312693637327475383720003129487931408741852202045208373384168882678805359287831606695820465153613775207124697069 1.5723753051970701
1231312693637327475383720003129487931408741852202045208373384168882678805359287831606695820465153613775207124697069 1.5991379310344827
1231312693637327475383720003129487931408741852202045208373384168882678805359287831606695820465153613775207124697069 1.671682916490038
9850501549098619803069760025035903451269934817616361666987073351061430442874302652853566563721228910201656997576599 1.539947322212467
9850501549098619803069760025035903451269934817616361666987073351061430442874302652853566563721228910201656997576599 1.593220338983051
9850501549098619803069760025035903451269934817616361666987073351061430442874302652853566563721228910201656997576599 1.643489254108723
19701003098197239606139520050071806902539869635232723333974146702122860885748605305707133127442457820403313995152987 1.4694464414090582
19701003098197239606139520050071806902539869635232723333974146702122860885748605305707133127442457820403313995152987 1.6589473684210527
19701003098197239606139520050071806902539869635232723333974146702122860885748605305707133127442457820403313995152987 1.654807285048708
19701003098197239606139520050071806902539869635232723333974146702122860885748605305707133127442457820403313995153221 1.5316382548396419
19701003098197239606139520050071806902539869635232723333974146702122860885748605305707133127442457820403313995153221 1.5366876310272537
19701003098197239606139520050071806902539869635232723333974146702122860885748605305707133127442457820403313995153221 1.654917686787674
19701003098197239606139520050071806902539869635232723333974146702122860885748605305707133127442457820403313995153377 1.5474050449405625
19701003098197239606139520050071806902539869635232723333974146702122860885748605305707133127442457820403313995153377 1.6184486373165619
19701003098197239606139520050071806902539869635232723333974146702122860885748605305707133127442457820403313995153377 1.6476913345983555
27242793346725870392864805069239920482418413479970250235261124736529268568574243274298145027791523704776457633923071 1.6266049252788886
39399000061888528705747341564979723453684698396802844018513788071802160543945063912606632720166983136866747113537535 1.6282105263157896
39402006196394479212279040100143613805079739270465446667948293404245721771496870329047266088258938001861606973112319 1.6698906644238856
39402006196394479212279040100143613805079739270465446667948293404245721771497210611414266254884915640806627990306499 1.5417884278199883
39402006196394479212279040100143613805079739270465446667948293404245721771497210611414266254884915640806627990306499 1.6518987341772153
39402006196394479212279040100143613805079739270465446667948293404245721771497210611414266254884915640806627990306499 1.6463749735785247
1260864198284623334792929283204595641762551656654894293374345388935863096687910739565256520156317300505812095689818091 1.5206098249576512
1260864198284623334792929283204595641762551656654894293374345388935863096687910739565256520156317300505812095689818091 1.5787321063394684
1260864198284623334792929283204595641762551656654894293374345388935863096687910739565256520156317300505812095689818091 1.5473586654309548
5164499756173817179311838344006023748659411585658447025661318713081295244033682389259290706560275662871806343945494986721 1.5107741420590584
5164499756173817179311838344006023748659411585658447025661318713081295244033682389259290706560275662871806343945494986721 1.577220077220077
5164499756173817179311838344006023748659411585658447025661318713081295244033682389259290706560275662871806343945494986721 1.523101236404202
21153791001287955166461289857048673274508949854856999017108761448780985319561963066406054734070889115122918784800747465736171 1.485807150595883
21153791001287955166461289857048673274508949854856999017108761448780985319561963066406054734070889115122918784800747465736171 1.52361673414305
21153791001287955166461289857048673274508949854856999017108761448780985319561963066406054734070889115122918784800747465736171 1.5286220399030392
42307582002575910332922579714097346549017899709713998034217522897561970639123926132812109468141778230245837569601494931472367 1.4742980561555075
42307582002575910332922579714097346549017899709713998034217522897561970639123926132812109468141778230245837569601494931472367 1.4973118279569895
42307582002575910332922579714097346549017899709713998034217522897561970639123926132812109468141778230245837569601494931472367 1.5514237542150617
169230328010303641331690318856389386196071598838855992136870091178871743226194193992506142233229486675299383870011013888737279 1.5141632500931794
45427420268475430659332737993000283397102585042957378767593137448789955507087370207886940669610222847547657600391636120845912601788399 1.425262812089356
45427420268475430659332737993000283397102585042957378767593137448789955507087370207886940669610222847547657600391636120845912601788399 1.4636150234741785
45427420268475430659332737993000283397102585042957378767593137448789955507087370207886940669610222847547657600391636120845912601788399 1.5360452186805043
726838724295606890549323807888004534353641360687318060281490199180612328166730772686396383698676545930088884461843637361053498018365439 1.5616040475967397
2907354897182427562197295231552018137414565442749272241125960796722503232560257392025174868824880222981702812136219630589176199293960191 1.4397347965249199
11629419588729710248789180926208072549658261770997088964503843186890228609814366773219056811420217048972200345700258846936553626057834493 1.385107939992682
11629419588729710248789180926208072549658261770997088964503843186890228609814366773219056811420217048972200345700258846936553626057834493 1.4406392694063928
11629419588729710248789180926208072549658261770997088964503843186890228609814366773219056811420217048972200345700258846936553626057834493 1.4167311104034934
762145642166990290864647761179972242614403843424065222377723867096038022172794340849684107193235344521442121855812163792833978437326241529839 1.4104254044337927
762145642166990290864647761179972242614403843424065222377723867096038022172794340849684107193235344521442121855812163792833978437326241529839 1.423982869379015
762145642166990290864647761179972242614403843424065222377723867096038022172794340849684107193235344521442121855812163792833978437326241529839 1.4481990176459887
3121748550315992231381597229793166305748598142664971150859156959625371737052918555341921773480194470416908415293922726019829017557682084013670399 1.447973713033954
799167628880894011233688890827050574271641124522232614619944181664095165137859998750798362384253944616915694367080095461234681773897801038410285039 1.367773807021232
799167628880894011233688890827050574271641124522232614619944181664095165137859998750798362384253944616915694367080095461234681773897801038410285039 1.3725637181409294
799167628880894011233688890827050574271641124522232614619944181664095165137859998750798362384253944616915694367080095461234681773897801038410285039 1.4344147323650516
1598335257761788022467377781654101148543282249044465229239888363328190330275719997501596724768507889233831388734160190922469363547795602076820570091 1.360980699008868
1598335257761788022467377781654101148543282249044465229239888363328190330275719997501596724768507889233831388734160190922469363547795602076820570091 1.3472740851381628
1598335257761788022467377781654101148543282249044465229239888363328190330275719997501596724768507889233831388734160190922469363547795602076820570091 1.4154082647617328
102293456496754433437912178025862473506770063938845774671352855253004181137646079840102190385184504910965208878986252219038039267058918532916516487137 1.3462286357588782
102293456496754433437912178025862473506770063938845774671352855253004181137646079840102190385184504910965208878986252219038039267058918532916516487137 1.3767373811265544
102293456496754433437912178025862473506770063938845774671352855253004181137646079840102190385184504910965208878986252219038039267058918532916516487137 1.4282038550083511
3292621777717531703499517186296461297235914818063567795121505704883698582458552017893209304118318844074148143396809486426396407928092469737516832688963583 1.4309751960020172
6703903964971298549787012499102923063739682910296196688861780721860882015036773488400937149083451713845015929093243025426876941405973284973216824503041567 1.3200667779632722
6703903964971298549787012499102923063739682910296196688861780721860882015036773488400937149083451713845015929093243025426876941405973284973216824503041567 1.3205333333333333
6703903964971298549787012499102923063739682910296196688861780721860882015036773488400937149083451713845015929093243025426876941405973284973216824503041567 1.4299360146252285
6703903964971298549787012499102923063739682910296196688861780721860882015036773488400937149083451713845015929093243025426876941405973284973216824503041861 1.3312269615587153
6703903964971298549787012499102923063739682910296196688861780721860882015036773488400937149083451713845015929093243025426876941405973284973216824503041861 1.3295880149812733
6703903964971298549787012499102923063739682910296196688861780721860882015036773488400937149083451713845015929093243025426876941405973284973216824503041861 1.4494990892531876
13307355755662784245937995239384449178495717617804446826996292939863313924196378526398893947208652243867464023067321551174658528251694711947109629815685119 1.443945777614948
13407807929942597099574024998205846127479365820592393377723561443721764030073546976801874298166903427690031858186486050853753882811946569946433649006083527 1.3095538860448108
13407807929942597099574024998205846127479365820592393377723561443721764030073546976801874298166903427690031858186486050853753882811946569946433649006083527 1.3372340425531914
13407807929942597099574024998205846127479365820592393377723561443721764030073546976801874298166903427690031858186486050853753882811946569946433649006083527 1.438040476298275
6864797660130609714981900799081393217269435300143305409394463459185543183397656052122559640661454554977296311391480858037121987999716643812574028291115057151 1.316542948038176
6864797660130609714981900799081393217269435300143305409394463459185543183397656052122559640661454554977296311391480858037121987999716643812574028291115057151 1.3031704095112286
6864797660130609714981900799081393217269435300143305409394463459185543183397656052122559640661454554977296311391480858037121987999716643812574028291115057151 1.3323688363862451