170141183460469231731687303715884105727 0.008618
680564733841876926926749214863536422887 0.008271
1361129467683753853853498429727072845819 0.009516
174224571863520493293247799005065324265459 0.008119
1393796574908163946345982392040522594123749 0.008180
2787593149816327892691964784081045188247543 0.008325
1427247692705959881058285969449495136382746619 0.009992
1427247692705959881058285969449495136382746621 0.008742
5708990770823839524233143877797980545530986479 0.008718
365375409332725729550921208179070754913983135729 0.008221
46768052394588893382517914646921056628989841375207 0.008833
93536104789177786765035829293842113257979682750459 0.008539
2993155353253689176481146537402947624255349848014829 0.008598
23945242826029513411849172299223580994042798784118767 0.008886
23945242826029513411849172299223580994042798784118781 0.008752
784637716923335095479473677900958302012794430558004314087 0.015001
1569275433846670190958947355801916604025588861116008628213 0.014714
3138550867693340381917894711603833208051177722232017256429 0.014849
25108406941546723055343157692830665664409421777856138051551 0.014518
100433627766186892221372630771322662657637687111424552206321 0.015038
401734511064747568885490523085290650630550748445698208825327 0.014942
102844034832575377634685573909834406561420991602098741459288059 0.014813
6582018229284824168619876730229402019930943462534319453394436067 0.016401
13164036458569648337239753460458804039861886925068638906788872189 0.016147
3369993333393829974333376885877453834204643052817571560137951281149 0.016308
6739986666787659948666753771754907668409286105635143120275902562187 0.015459
107839786668602559178668060348078522694548577690162289924414440996859 0.016154
1725436586697640946858688965569256363112777243042596638790631055949797 0.015810
55213970774324510299478046898216203619608871777363092441300193790394353 0.016088
14134776518227074636666380005943348126619871175004951664972849610340958199 0.036445
3618502788666131106986593281521497120414687020801267626233049500247285301239 0.027075
57896044618658097711785492504343953926634992332820282019728792003956564819203 0.025702
57896044618658097711785492504343953926634992332820282019728792003956564819949 0.025868
115792089237316195423570985008687907853269984665640564039457584007913129639747 0.025289
118571099379011784113736688648896417641748464297615937576404566024103044751294461 0.026165
62165404551223330269422781018352605012557018849668464680057997111644937126566671941623 0.027815
3978585891278293137243057985174566720803649206378781739523711815145275976100267004264429 0.026579
4271974071841820164790043412339104229205409044713305539894083215644439451561281100045924173873143 0.042868
139984046386112763159840142535527767382602843577165595931249318810236991948760059086304843329475444719 0.044435
139984046386112763159840142535527767382602843577165595931249318810236991948760059086304843329475444733 0.045169
559936185544451052639360570142111069530411374308662383724997275240947967795040236345219373317901778929 0.044601
1202453802380202612679414065556140558016349465041059773802132977424491020858679523053413887173001575952350707687 0.067932
1231312693637327475383720003129487931408741852202045208373384168882678805359287831606695820465153613775207124697069 0.068271
9850501549098619803069760025035903451269934817616361666987073351061430442874302652853566563721228910201656997576599 0.072544