170141183460469231731687303715884105727 6.833333333333333
680564733841876926926749214863536422887 5.916666666666666
1361129467683753853853498429727072845819 6.166666666666666
174224571863520493293247799005065324265459 6.0
1393796574908163946345982392040522594123749 5.071428571428571
2787593149816327892691964784081045188247543 5.714285714285714
1427247692705959881058285969449495136382746619 4.8
1427247692705959881058285969449495136382746621 4.8
5708990770823839524233143877797980545530986479 5.3125
365375409332725729550921208179070754913983135729 5.058823529411764
46768052394588893382517914646921056628989841375207 5.333333333333334
93536104789177786765035829293842113257979682750459 4.666666666666667
2993155353253689176481146537402947624255349848014829 5.052631578947369
23945242826029513411849172299223580994042798784118767 4.2
23945242826029513411849172299223580994042798784118781 5.052631578947369
784637716923335095479473677900958302012794430558004314087 3.4250000000000003
1569275433846670190958947355801916604025588861116008628213 3.15
3138550867693340381917894711603833208051177722232017256429 3.1395348837209305
25108406941546723055343157692830665664409421777856138051551 3.414634146341464
100433627766186892221372630771322662657637687111424552206321 3.428571428571428
401734511064747568885490523085290650630550748445698208825327 3.418604651162791
102844034832575377634685573909834406561420991602098741459288059 2.956521739130435
6582018229284824168619876730229402019930943462534319453394436067 2.958333333333333
13164036458569648337239753460458804039861886925068638906788872189 2.816326530612245
3369993333393829974333376885877453834204643052817571560137951281149 2.622641509433963
6739986666787659948666753771754907668409286105635143120275902562187 2.811320754716981
107839786668602559178668060348078522694548577690162289924414440996859 2.7962962962962963
1725436586697640946858688965569256363112777243042596638790631055949797 2.696428571428571
55213970774324510299478046898216203619608871777363092441300193790394353 2.482758620689655
14134776518227074636666380005943348126619871175004951664972849610340958199 2.313131313131313
3618502788666131106986593281521497120414687020801267626233049500247285301239 2.4230769230769234
57896044618658097711785492504343953926634992332820282019728792003956564819203 2.2358490566037736
57896044618658097711785492504343953926634992332820282019728792003956564819949 2.476635514018692
115792089237316195423570985008687907853269984665640564039457584007908834671663 2.382716049382716
115792089237316195423570985008687907853269984665640564039457584007913129639747 2.240740740740741
118571099379011784113736688648896417641748464297615937576404566024103044751294461 2.217391304347826
62165404551223330269422781018352605012557018849668464680057997111644937126566671941623 2.1769230769230767
3978585891278293137243057985174566720803649206378781739523711815145275976100267004264429 2.1102941176470584
4271974071841820164790043412339104229205409044713305539894083215644439451561281100045924173873143 1.6007462686567162
139984046386112763159840142535527767382602843577165595931249318810236991948760059086304843329475444719 1.8429118773946358
139984046386112763159840142535527767382602843577165595931249318810236991948760059086304843329475444733 1.8544061302681991
559936185544451052639360570142111069530411374308662383724997275240947967795040236345219373317901778929 1.7593984962406015
1202453802380202612679414065556140558016349465041059773802132977424491020858679523053413887173001575952350707687 1.6764705882352942
1231312693637327475383720003129487931408741852202045208373384168882678805359287831606695820465153613775207124697069 1.5991379310344827
9850501549098619803069760025035903451269934817616361666987073351061430442874302652853566563721228910201656997576599 1.593220338983051
19701003098197239606139520050071806902539869635232723333974146702122860885748605305707133127442457820403313995152987 1.6589473684210527
19701003098197239606139520050071806902539869635232723333974146702122860885748605305707133127442457820403313995153221 1.5366876310272537
19701003098197239606139520050071806902539869635232723333974146702122860885748605305707133127442457820403313995153377 1.6184486373165619
39402006196394479212279040100143613805079739270465446667948293404245721771497210611414266254884915640806627990306499 1.6518987341772153
1260864198284623334792929283204595641762551656654894293374345388935863096687910739565256520156317300505812095689818091 1.5787321063394684
5164499756173817179311838344006023748659411585658447025661318713081295244033682389259290706560275662871806343945494986721 1.577220077220077
21153791001287955166461289857048673274508949854856999017108761448780985319561963066406054734070889115122918784800747465736171 1.52361673414305
42307582002575910332922579714097346549017899709713998034217522897561970639123926132812109468141778230245837569601494931472367 1.4973118279569895
45427420268475430659332737993000283397102585042957378767593137448789955507087370207886940669610222847547657600391636120845912601788399 1.4636150234741785
11629419588729710248789180926208072549658261770997088964503843186890228609814366773219056811420217048972200345700258846936553626057834493 1.4406392694063928
762145642166990290864647761179972242614403843424065222377723867096038022172794340849684107193235344521442121855812163792833978437326241529839 1.423982869379015
799167628880894011233688890827050574271641124522232614619944181664095165137859998750798362384253944616915694367080095461234681773897801038410285039 1.3725637181409294
1598335257761788022467377781654101148543282249044465229239888363328190330275719997501596724768507889233831388734160190922469363547795602076820570091 1.3472740851381628
102293456496754433437912178025862473506770063938845774671352855253004181137646079840102190385184504910965208878986252219038039267058918532916516487137 1.3767373811265544
6703903964971298549787012499102923063739682910296196688861780721860882015036773488400937149083451713845015929093243025426876941405973284973216824503041567 1.3205333333333333
6703903964971298549787012499102923063739682910296196688861780721860882015036773488400937149083451713845015929093243025426876941405973284973216824503041861 1.3295880149812733
13407807929942597099574024998205846127479365820592393377723561443721764030073546976801874298166903427690031858186486050853753882811946569946433649006083527 1.3372340425531914
6864797660130609714981900799081393217269435300143305409394463459185543183397656052122559640661454554977296311391480858037121987999716643812574028291115057151 1.3031704095112286