170141183460469231731687303715884105727 8.723324597529016
170141183460469231731687303715884105727 6.080830552465702
170141183460469231731687303715884105727 11.117820480943415
170141183460469231731687303715884105727 5.424954792043399
680564733841876926926749214863536422887 7.18529222864483
680564733841876926926749214863536422887 6.905271347986773
680564733841876926926749214863536422887 9.901773660444112
680564733841876926926749214863536422887 10.641471904525112
1361129467683753853853498429727072845819 9.557819556769246
1361129467683753853853498429727072845819 6.4764572028706455
1361129467683753853853498429727072845819 9.633868299879296
1361129467683753853853498429727072845819 10.727259429017238
174224571863520493293247799005065324265459 10.509578841231678
174224571863520493293247799005065324265459 10.402774073086157
174224571863520493293247799005065324265459 9.326232678907347
174224571863520493293247799005065324265459 11.22230858919549
1393796574908163946345982392040522594123749 11.312964492155245
1393796574908163946345982392040522594123749 10.409030933880661
1393796574908163946345982392040522594123749 10.252085711984614
1393796574908163946345982392040522594123749 10.856303378899927
2787593149816327892691964784081045188247543 11.873966328824054
2787593149816327892691964784081045188247543 6.9716775599128535
2787593149816327892691964784081045188247543 10.096207629488756
2787593149816327892691964784081045188247543 10.893570560063525
1427247692705959881058285969449495136382746619 9.373246641803359
1427247692705959881058285969449495136382746619 9.325216940810774
1427247692705959881058285969449495136382746619 10.443138500635325
1427247692705959881058285969449495136382746619 11.378136962994471
1427247692705959881058285969449495136382746621 12.766913913238929
1427247692705959881058285969449495136382746621 8.820286659316427
1427247692705959881058285969449495136382746621 10.77967660970171
1427247692705959881058285969449495136382746621 10.301306993913997
5708990770823839524233143877797980545530986479 11.89944360963327
5708990770823839524233143877797980545530986479 10.912825779946079
5708990770823839524233143877797980545530986479 9.814058956916101
5708990770823839524233143877797980545530986479 11.616829849166447
365375409332725729550921208179070754913983135729 11.754720984510929
365375409332725729550921208179070754913983135729 6.86626746506986
365375409332725729550921208179070754913983135729 10.782518449033764
365375409332725729550921208179070754913983135729 10.010379425671779
46768052394588893382517914646921056628989841375207 13.125434878866468
46768052394588893382517914646921056628989841375207 12.994044396318355
46768052394588893382517914646921056628989841375207 9.517856757980043
46768052394588893382517914646921056628989841375207 11.678637935621177
93536104789177786765035829293842113257979682750459 12.88480058446518
93536104789177786765035829293842113257979682750459 9.766306243460065
93536104789177786765035829293842113257979682750459 10.148661777227426
93536104789177786765035829293842113257979682750459 9.319060495675688
2993155353253689176481146537402947624255349848014829 13.08207444323314
2993155353253689176481146537402947624255349848014829 13.201320132013201
2993155353253689176481146537402947624255349848014829 10.070357328719442
2993155353253689176481146537402947624255349848014829 10.287584755669862
23945242826029513411849172299223580994042798784118767 12.392810994948901
23945242826029513411849172299223580994042798784118767 6.929549579277347
23945242826029513411849172299223580994042798784118767 9.682460858479999
23945242826029513411849172299223580994042798784118767 9.766000641094134
23945242826029513411849172299223580994042798784118781 10.359152337382342
23945242826029513411849172299223580994042798784118781 15.878266622560371
23945242826029513411849172299223580994042798784118781 10.06641963529107
23945242826029513411849172299223580994042798784118781 12.277063459145582
784637716923335095479473677900958302012794430558004314087 12.45676305021138
784637716923335095479473677900958302012794430558004314087 12.337896253602308
784637716923335095479473677900958302012794430558004314087 10.590331650164085
784637716923335095479473677900958302012794430558004314087 11.965521152319383
1569275433846670190958947355801916604025588861116008628213 12.91254583842649
1569275433846670190958947355801916604025588861116008628213 11.871113623516111
1569275433846670190958947355801916604025588861116008628213 10.847451136205882
1569275433846670190958947355801916604025588861116008628213 12.773828102421826
3138550867693340381917894711603833208051177722232017256429 12.506809020590477
3138550867693340381917894711603833208051177722232017256429 11.788333915473281
3138550867693340381917894711603833208051177722232017256429 10.591955940470765
3138550867693340381917894711603833208051177722232017256429 11.061517562584903
6277101735386680763835789423207666416083908700390324961279 11.243927601020985
6277101735386680763835789423207666416083908700390324961279 10.164156593586746
25108406941546723055343157692830665664409421777856138051551 12.019130796423372
25108406941546723055343157692830665664409421777856138051551 12.72149023171286
25108406941546723055343157692830665664409421777856138051551 10.523632522154532
25108406941546723055343157692830665664409421777856138051551 12.00273458120235
100433627766186892221372630771322662657637687111424552206321 12.742890865773425
100433627766186892221372630771322662657637687111424552206321 11.23946300343428
100433627766186892221372630771322662657637687111424552206321 9.472615910931742
100433627766186892221372630771322662657637687111424552206321 12.81549865842012
401734511064747568885490523085290650630550748445698208825327 11.693290734824282
401734511064747568885490523085290650630550748445698208825327 12.94241944004226
401734511064747568885490523085290650630550748445698208825327 10.303467826846099
401734511064747568885490523085290650630550748445698208825327 12.60738694065013
33343964418374048217495713416079124002335712120992951332503551 10.10292867350446
33343964418374048217495713416079124002335712120992951332503551 12.584273830831007
102844034832575377634685573909834406561420991602098741459288059 13.161955994532386
102844034832575377634685573909834406561420991602098741459288059 10.88871096877502
102844034832575377634685573909834406561420991602098741459288059 10.367541257779893
102844034832575377634685573909834406561420991602098741459288059 11.880219434641324
6582018229284824168619876730229402019930943462534319453394436067 12.213693488593888
6582018229284824168619876730229402019930943462534319453394436067 11.834319526627219
6582018229284824168619876730229402019930943462534319453394436067 11.033915031415665
6582018229284824168619876730229402019930943462534319453394436067 11.200507444748615
13164036458569648337239753460458804039861886925068638906788872189 12.389228254323324
13164036458569648337239753460458804039861886925068638906788872189 7.259337190952132
13164036458569648337239753460458804039861886925068638906788872189 10.748209637774591
13164036458569648337239753460458804039861886925068638906788872189 12.051198238340186
105312291668557186697918027683670107800341436973822328098290401279 9.759605735566309
105312291668557186697918027683670107800341436973822328098290401279 11.824396223684547
3369993333393829974333376885877453834204643052817571560137951281149 12.480196096015305
3369993333393829974333376885877453834204643052817571560137951281149 6.825100657959345
3369993333393829974333376885877453834204643052817571560137951281149 10.974026373599324
3369993333393829974333376885877453834204643052817571560137951281149 12.321654365936993
6739986666787659948666753771754907668409286105635143120275902562187 11.512659597489721
6739986666787659948666753771754907668409286105635143120275902562187 7.294624498188583
6739986666787659948666753771754907668409286105635143120275902562187 10.104515391524455
6739986666787659948666753771754907668409286105635143120275902562187 11.383894463403452
26959946667150639794667015087019630673557916260026308143510066298881 10.569672560783845
26959946667150639794667015087019630673557916260026308143510066298881 12.009479766733829
107839786668602559178668060348078522694548577690162289924414440996859 12.542845876179207
107839786668602559178668060348078522694548577690162289924414440996859 7.847417108408689
107839786668602559178668060348078522694548577690162289924414440996859 9.247862159899991
107839786668602559178668060348078522694548577690162289924414440996859 11.63729430760246
1725436586697640946858688965569256363112777243042596638790631055949797 12.630939290468199
1725436586697640946858688965569256363112777243042596638790631055949797 7.329385496553733
1725436586697640946858688965569256363112777243042596638790631055949797 9.01021619382294
1725436586697640946858688965569256363112777243042596638790631055949797 11.507892467794122
55213970774324510299478046898216203619608871777363092441300193790394353 11.96715223042958
55213970774324510299478046898216203619608871777363092441300193790394353 7.421150278293134
55213970774324510299478046898216203619608871777363092441300193790394353 8.809110985169067
55213970774324510299478046898216203619608871777363092441300193790394353 11.310347154279544
14134776518227074636666380005943348126619871175004951664972849610340958199 12.017155620109895
14134776518227074636666380005943348126619871175004951664972849610340958199 8.364074655758063
14134776518227074636666380005943348126619871175004951664972849610340958199 9.420367092421255
14134776518227074636666380005943348126619871175004951664972849610340958199 11.940609352898807
3618502788666131106986593281521497120414687020801267626233049500247285301239 11.955611173739024
3618502788666131106986593281521497120414687020801267626233049500247285301239 8.803185914902537
3618502788666131106986593281521497120414687020801267626233049500247285301239 9.478773330945845
3618502788666131106986593281521497120414687020801267626233049500247285301239 11.705844295880958
28723632732102194046035667469577626311807405711506937402182952014414119698431 8.76136066209984
28723632732102194046035667469577626311807405711506937402182952014414119698431 12.145393187330825
57896044618658097711785492504343953926634992332820282019728792003956564819203 12.45724420421435
57896044618658097711785492504343953926634992332820282019728792003956564819203 8.20693953874922
57896044618658097711785492504343953926634992332820282019728792003956564819203 8.799757585646274
57896044618658097711785492504343953926634992332820282019728792003956564819203 12.19988554091004
57896044618658097711785492504343953926634992332820282019728792003956564819949 12.494642091727389
57896044618658097711785492504343953926634992332820282019728792003956564819949 7.851386584498697
57896044618658097711785492504343953926634992332820282019728792003956564819949 8.913957430325965
57896044618658097711785492504343953926634992332820282019728792003956564819949 11.645095309304043
115636606695615697602567654828622531023877166082715509571142882662199379099647 10.091345088874354
115636606695615697602567654828622531023877166082715509571142882662199379099647 13.114601295614484
115792089210356248762697446949407573530086143415290314195533631308867097853951 8.76490075361816
115792089210356248762697446949407573530086143415290314195533631308867097853951 12.15245484902435
115792089237316195423570985008687907853269984665640564039457584007908834671663 10.495119497539358
115792089237316195423570985008687907853269984665640564039457584007908834671663 9.291293540971326
115792089237316195423570985008687907853269984665640564039457584007908834671663 11.91493770559743
115792089237316195423570985008687907853269984665640564039457584007913129639747 12.27419694946229
115792089237316195423570985008687907853269984665640564039457584007913129639747 8.299893679047914
115792089237316195423570985008687907853269984665640564039457584007913129639747 9.103902123834139
115792089237316195423570985008687907853269984665640564039457584007913129639747 11.63713750063337
118571099379011784113736688648896417641748464297615937576404566024103044751294461 12.1636145674011
118571099379011784113736688648896417641748464297615937576404566024103044751294461 9.518477043673013
118571099379011784113736688648896417641748464297615937576404566024103044751294461 8.179749003682662
118571099379011784113736688648896417641748464297615937576404566024103044751294461 11.602674960710694
62165404551223330269422781018352605012557018849668464680057997111644937126566671941623 11.963010651995784
62165404551223330269422781018352605012557018849668464680057997111644937126566671941623 13.363554800018886
62165404551223330269422781018352605012557018849668464680057997111644937126566671941623 8.439715453920847
62165404551223330269422781018352605012557018849668464680057997111644937126566671941623 11.516008316008318
3978585891278293137243057985174566720803649206378781739523711815145275976100267004264429 13.378781968062315
3978585891278293137243057985174566720803649206378781739523711815145275976100267004264429 13.542207332609824
3978585891278293137243057985174566720803649206378781739523711815145275976100267004264429 6.972942923757291
3978585891278293137243057985174566720803649206378781739523711815145275976100267004264429 11.415494424991094
4271974071841820164790043412339104229205409044713305539894083215644439451561281100045924173873143 11.99831048935469
4271974071841820164790043412339104229205409044713305539894083215644439451561281100045924173873143 12.362043627352103
4271974071841820164790043412339104229205409044713305539894083215644439451561281100045924173873143 11.892117413908858
8543948143683640329580086824678208458410818089423688076513504625452471533457129634052536482660351 11.452772573807161
139984046386112763159840142535527767382602843577165595931249318810236991948760059086304843329475444719 13.034174178068866
139984046386112763159840142535527767382602843577165595931249318810236991948760059086304843329475444719 13.065681534198946
139984046386112763159840142535527767382602843577165595931249318810236991948760059086304843329475444719 11.660491102541467
139984046386112763159840142535527767382602843577165595931249318810236991948760059086304843329475444733 13.275763308254753
139984046386112763159840142535527767382602843577165595931249318810236991948760059086304843329475444733 12.931495137330339
139984046386112763159840142535527767382602843577165595931249318810236991948760059086304843329475444733 12.014175439457018
559936185544451052639360570142111069530411374308662383724997275240947967795040236345219373317901778929 12.76882032246839
559936185544451052639360570142111069530411374308662383724997275240947967795040236345219373317901778929 12.177352206494588
559936185544451052639360570142111069530411374308662383724997275240947967795040236345219373317901778929 11.439088701887513
1202453802380202612679414065556140558016349465041059773802132977424491020858679523053413887173001575952350707687 12.55624610829799
1202453802380202612679414065556140558016349465041059773802132977424491020858679523053413887173001575952350707687 12.76199989666397
1202453802380202612679414065556140558016349465041059773802132977424491020858679523053413887173001575952350707687 12.361146449632676
1231312693637327475383720003129487931408741852202045208373384168882678805359287831606695820465153613775207124697069 13.110672925355251
1231312693637327475383720003129487931408741852202045208373384168882678805359287831606695820465153613775207124697069 12.232516733159683
1231312693637327475383720003129487931408741852202045208373384168882678805359287831606695820465153613775207124697069 11.250652614881615
9850501549098619803069760025035903451269934817616361666987073351061430442874302652853566563721228910201656997576599 12.412309463265508
9850501549098619803069760025035903451269934817616361666987073351061430442874302652853566563721228910201656997576599 12.899020566390504
9850501549098619803069760025035903451269934817616361666987073351061430442874302652853566563721228910201656997576599 11.005306533060365
19701003098197239606139520050071806902539869635232723333974146702122860885748605305707133127442457820403313995152987 12.564904328867723
19701003098197239606139520050071806902539869635232723333974146702122860885748605305707133127442457820403313995152987 12.947536189020884
19701003098197239606139520050071806902539869635232723333974146702122860885748605305707133127442457820403313995152987 11.30546754054719
19701003098197239606139520050071806902539869635232723333974146702122860885748605305707133127442457820403313995153221 12.715096448599924
19701003098197239606139520050071806902539869635232723333974146702122860885748605305707133127442457820403313995153221 12.280525398740116
19701003098197239606139520050071806902539869635232723333974146702122860885748605305707133127442457820403313995153221 11.285603047875655
19701003098197239606139520050071806902539869635232723333974146702122860885748605305707133127442457820403313995153377 12.77830585091737
19701003098197239606139520050071806902539869635232723333974146702122860885748605305707133127442457820403313995153377 13.1027342622923
19701003098197239606139520050071806902539869635232723333974146702122860885748605305707133127442457820403313995153377 11.436708101257674
27242793346725870392864805069239920482418413479970250235261124736529268568574243274298145027791523704776457633923071 11.17489697057335
39399000061888528705747341564979723453684698396802844018513788071802160543945063912606632720166983136866747113537535 11.951544784295786
39402006196394479212279040100143613805079739270465446667948293404245721771496870329047266088258938001861606973112319 11.415495579406112
39402006196394479212279040100143613805079739270465446667948293404245721771497210611414266254884915640806627990306499 13.130812861028911
39402006196394479212279040100143613805079739270465446667948293404245721771497210611414266254884915640806627990306499 13.32652540209344
39402006196394479212279040100143613805079739270465446667948293404245721771497210611414266254884915640806627990306499 11.1784679944775
1260864198284623334792929283204595641762551656654894293374345388935863096687910739565256520156317300505812095689818091 13.024763010253434
1260864198284623334792929283204595641762551656654894293374345388935863096687910739565256520156317300505812095689818091 13.080311758725855
1260864198284623334792929283204595641762551656654894293374345388935863096687910739565256520156317300505812095689818091 12.14205977215457
5164499756173817179311838344006023748659411585658447025661318713081295244033682389259290706560275662871806343945494986721 12.952977884825927
5164499756173817179311838344006023748659411585658447025661318713081295244033682389259290706560275662871806343945494986721 13.815611471861471
5164499756173817179311838344006023748659411585658447025661318713081295244033682389259290706560275662871806343945494986721 11.67411380693393
21153791001287955166461289857048673274508949854856999017108761448780985319561963066406054734070889115122918784800747465736171 12.973474098459908
21153791001287955166461289857048673274508949854856999017108761448780985319561963066406054734070889115122918784800747465736171 13.22246296187855
21153791001287955166461289857048673274508949854856999017108761448780985319561963066406054734070889115122918784800747465736171 10.1177087672205
42307582002575910332922579714097346549017899709713998034217522897561970639123926132812109468141778230245837569601494931472367 13.147428007912339
42307582002575910332922579714097346549017899709713998034217522897561970639123926132812109468141778230245837569601494931472367 13.836103037980973
42307582002575910332922579714097346549017899709713998034217522897561970639123926132812109468141778230245837569601494931472367 10.24513985237547
169230328010303641331690318856389386196071598838855992136870091178871743226194193992506142233229486675299383870011013888737279 11.634992041665443
45427420268475430659332737993000283397102585042957378767593137448789955507087370207886940669610222847547657600391636120845912601788399 13.318148260137493
45427420268475430659332737993000283397102585042957378767593137448789955507087370207886940669610222847547657600391636120845912601788399 13.035342818017417
45427420268475430659332737993000283397102585042957378767593137448789955507087370207886940669610222847547657600391636120845912601788399 10.53828735189374
726838724295606890549323807888004534353641360687318060281490199180612328166730772686396383698676545930088884461843637361053498018365439 12.214641153234497
2907354897182427562197295231552018137414565442749272241125960796722503232560257392025174868824880222981702812136219630589176199293960191 8.947356456406963
11629419588729710248789180926208072549658261770997088964503843186890228609814366773219056811420217048972200345700258846936553626057834493 13.256733426018988
11629419588729710248789180926208072549658261770997088964503843186890228609814366773219056811420217048972200345700258846936553626057834493 12.519592865220927
11629419588729710248789180926208072549658261770997088964503843186890228609814366773219056811420217048972200345700258846936553626057834493 8.70441598746099
762145642166990290864647761179972242614403843424065222377723867096038022172794340849684107193235344521442121855812163792833978437326241529839 13.633059880638333
762145642166990290864647761179972242614403843424065222377723867096038022172794340849684107193235344521442121855812163792833978437326241529839 12.573027547219754
762145642166990290864647761179972242614403843424065222377723867096038022172794340849684107193235344521442121855812163792833978437326241529839 10.908174090936964
3121748550315992231381597229793166305748598142664971150859156959625371737052918555341921773480194470416908415293922726019829017557682084013670399 10.73566074662379
799167628880894011233688890827050574271641124522232614619944181664095165137859998750798362384253944616915694367080095461234681773897801038410285039 12.60707732431181
799167628880894011233688890827050574271641124522232614619944181664095165137859998750798362384253944616915694367080095461234681773897801038410285039 12.660153360022678
799167628880894011233688890827050574271641124522232614619944181664095165137859998750798362384253944616915694367080095461234681773897801038410285039 11.118370914212626
1598335257761788022467377781654101148543282249044465229239888363328190330275719997501596724768507889233831388734160190922469363547795602076820570091 12.338240885591544
1598335257761788022467377781654101148543282249044465229239888363328190330275719997501596724768507889233831388734160190922469363547795602076820570091 12.684394819366906
1598335257761788022467377781654101148543282249044465229239888363328190330275719997501596724768507889233831388734160190922469363547795602076820570091 10.747287688200265
102293456496754433437912178025862473506770063938845774671352855253004181137646079840102190385184504910965208878986252219038039267058918532916516487137 12.250774870358228
102293456496754433437912178025862473506770063938845774671352855253004181137646079840102190385184504910965208878986252219038039267058918532916516487137 12.689037669316395
102293456496754433437912178025862473506770063938845774671352855253004181137646079840102190385184504910965208878986252219038039267058918532916516487137 8.836793728918037
3292621777717531703499517186296461297235914818063567795121505704883698582458552017893209304118318844074148143396809486426396407928092469737516832688963583 8.608135792921532
6703903964971298549787012499102923063739682910296196688861780721860882015036773488400937149083451713845015929093243025426876941405973284973216824503041567 11.741101815214254
6703903964971298549787012499102923063739682910296196688861780721860882015036773488400937149083451713845015929093243025426876941405973284973216824503041567 12.255423618913742
6703903964971298549787012499102923063739682910296196688861780721860882015036773488400937149083451713845015929093243025426876941405973284973216824503041567 8.735174047372691
6703903964971298549787012499102923063739682910296196688861780721860882015036773488400937149083451713845015929093243025426876941405973284973216824503041861 11.860550065180748
6703903964971298549787012499102923063739682910296196688861780721860882015036773488400937149083451713845015929093243025426876941405973284973216824503041861 12.367183417523078
6703903964971298549787012499102923063739682910296196688861780721860882015036773488400937149083451713845015929093243025426876941405973284973216824503041861 11.037920289508305
13307355755662784245937995239384449178495717617804446826996292939863313924196378526398893947208652243867464023067321551174658528251694711947109629815685119 8.750870785191516
13407807929942597099574024998205846127479365820592393377723561443721764030073546976801874298166903427690031858186486050853753882811946569946433649006083527 11.92183893018791
13407807929942597099574024998205846127479365820592393377723561443721764030073546976801874298166903427690031858186486050853753882811946569946433649006083527 12.220375069268236
13407807929942597099574024998205846127479365820592393377723561443721764030073546976801874298166903427690031858186486050853753882811946569946433649006083527 9.070264997264243
6864797660130609714981900799081393217269435300143305409394463459185543183397656052122559640661454554977296311391480858037121987999716643812574028291115057151 11.942966203762492
6864797660130609714981900799081393217269435300143305409394463459185543183397656052122559640661454554977296311391480858037121987999716643812574028291115057151 11.857327443733286
6864797660130609714981900799081393217269435300143305409394463459185543183397656052122559640661454554977296311391480858037121987999716643812574028291115057151 7.649951656622246