170141183460469231731687303715884105727 4.281
680564733841876926926749214863536422887 12.3
1361129467683753853853498429727072845819 11.949
174224571863520493293247799005065324265459 12.457
1393796574908163946345982392040522594123749 11.934
2787593149816327892691964784081045188247543 11.958
1427247692705959881058285969449495136382746619 12.578
1427247692705959881058285969449495136382746621 11.889
5708990770823839524233143877797980545530986479 11.867
365375409332725729550921208179070754913983135729 11.904
46768052394588893382517914646921056628989841375207 31.022
93536104789177786765035829293842113257979682750459 32.868
2993155353253689176481146537402947624255349848014829 32.961
23945242826029513411849172299223580994042798784118767 33.234
23945242826029513411849172299223580994042798784118781 31.199
784637716923335095479473677900958302012794430558004314087 31.377
1569275433846670190958947355801916604025588861116008628213 32.95
3138550867693340381917894711603833208051177722232017256429 33.35
6277101735386680763835789423207666416083908700390324961279 31.397
25108406941546723055343157692830665664409421777856138051551 76.051
100433627766186892221372630771322662657637687111424552206321 72.078
401734511064747568885490523085290650630550748445698208825327 72.115
33343964418374048217495713416079124002335712120992951332503551 72.008
102844034832575377634685573909834406561420991602098741459288059 76.556
6582018229284824168619876730229402019930943462534319453394436067 77.088
13164036458569648337239753460458804039861886925068638906788872189 76.757
105312291668557186697918027683670107800341436973822328098290401279 76.573
3369993333393829974333376885877453834204643052817571560137951281149 76.744
6739986666787659948666753771754907668409286105635143120275902562187 72.745
26959946667150639794667015087019630673557916260026308143510066298881 71.219
107839786668602559178668060348078522694548577690162289924414440996859 150.592
1725436586697640946858688965569256363112777243042596638790631055949797 161.21
55213970774324510299478046898216203619608871777363092441300193790394353 159.423
14134776518227074636666380005943348126619871175004951664972849610340958199 156.42
3618502788666131106986593281521497120414687020801267626233049500247285301239 151.581
28723632732102194046035667469577626311807405711506937402182952014414119698431 150.937
57896044618658097711785492504343953926634992332820282019728792003956564819203 151.32
57896044618658097711785492504343953926634992332820282019728792003956564819949 150.82
115636606695615697602567654828622531023877166082715509571142882662199379099647 148.429
115792089210356248762697446949407573530086143415290314195533631308867097853951 159.531
115792089237316195423570985008687907853269984665640564039457584007908834671663 148.525
115792089237316195423570985008687907853269984665640564039457584007913129639747 150.743
118571099379011784113736688648896417641748464297615937576404566024103044751294461 288.205
62165404551223330269422781018352605012557018849668464680057997111644937126566671941623 294.307