170141183460469231731687303715884105727 1.2354923249719207
170141183460469231731687303715884105727 0.8898776418242491
170141183460469231731687303715884105727 2.865295587207994
170141183460469231731687303715884105727 1.1883234306380779
680564733841876926926749214863536422887 1.3648041104688504
680564733841876926926749214863536422887 1.1670881151526942
680564733841876926926749214863536422887 2.783855500209487
680564733841876926926749214863536422887 3.4559920437593243
1361129467683753853853498429727072845819 1.7330112383153031
1361129467683753853853498429727072845819 1.050236303168213
1361129467683753853853498429727072845819 2.704635880012517
1361129467683753853853498429727072845819 3.364458639100861
174224571863520493293247799005065324265459 2.132940355231521
174224571863520493293247799005065324265459 1.7337956788476925
174224571863520493293247799005065324265459 2.640666260410319
174224571863520493293247799005065324265459 3.327827438787408
1393796574908163946345982392040522594123749 2.3534269199009086
1393796574908163946345982392040522594123749 2.052484972877877
1393796574908163946345982392040522594123749 2.8804381297997432
1393796574908163946345982392040522594123749 3.436169418092179
2787593149816327892691964784081045188247543 2.459607310970697
2787593149816327892691964784081045188247543 1.2200435729847494
2787593149816327892691964784081045188247543 2.834023194242458
2787593149816327892691964784081045188247543 3.399588079108663
1427247692705959881058285969449495136382746619 2.1122809333641377
1427247692705959881058285969449495136382746619 1.9427535293355782
1427247692705959881058285969449495136382746619 2.9979351969504444
1427247692705959881058285969449495136382746619 3.6686516376010214
1427247692705959881058285969449495136382746621 2.832097100472016
1427247692705959881058285969449495136382746621 1.8375597206909224
1427247692705959881058285969449495136382746621 2.97491075267742
1427247692705959881058285969449495136382746621 3.442083208620174
5708990770823839524233143877797980545530986479 2.680420744832068
5708990770823839524233143877797980545530986479 2.0541789703427913
5708990770823839524233143877797980545530986479 2.761904761904762
5708990770823839524233143877797980545530986479 3.6252976978036524
365375409332725729550921208179070754913983135729 2.970507107999152
365375409332725729550921208179070754913983135729 1.3572854291417167
365375409332725729550921208179070754913983135729 2.9787892244669862
365375409332725729550921208179070754913983135729 3.1830238726790454
46768052394588893382517914646921056628989841375207 3.3525207160478208
46768052394588893382517914646921056628989841375207 2.4363833243096913
46768052394588893382517914646921056628989841375207 3.0971830075220383
46768052394588893382517914646921056628989841375207 3.697791965948391
93536104789177786765035829293842113257979682750459 3.5532826354066347
93536104789177786765035829293842113257979682750459 2.0927799093128705
93536104789177786765035829293842113257979682750459 3.1724294317860977
93536104789177786765035829293842113257979682750459 3.106353498558563
2993155353253689176481146537402947624255349848014829 3.5197009811555833
2993155353253689176481146537402947624255349848014829 2.6127612761276127
2993155353253689176481146537402947624255349848014829 3.212601689206694
2993155353253689176481146537402947624255349848014829 3.249941547813888
23945242826029513411849172299223580994042798784118767 3.5240220838717256
23945242826029513411849172299223580994042798784118767 1.6498927569707968
23945242826029513411849172299223580994042798784118767 3.078437821790266
23945242826029513411849172299223580994042798784118767 2.9704028208141895
23945242826029513411849172299223580994042798784118781 3.0761949834358733
23945242826029513411849172299223580994042798784118781 3.1425736023817397
23945242826029513411849172299223580994042798784118781 3.0998734345421317
23945242826029513411849172299223580994042798784118781 3.8434950919397206
784637716923335095479473677900958302012794430558004314087 4.13718264644044
784637716923335095479473677900958302012794430558004314087 3.602305475504323
784637716923335095479473677900958302012794430558004314087 3.3193225949015956
784637716923335095479473677900958302012794430558004314087 3.9696041737552457
1569275433846670190958947355801916604025588861116008628213 4.089343260362263
1569275433846670190958947355801916604025588861116008628213 3.7686074995289243
1569275433846670190958947355801916604025588861116008628213 3.4059847676127473
1569275433846670190958947355801916604025588861116008628213 4.046008901219583
3138550867693340381917894711603833208051177722232017256429 4.052729055452664
3138550867693340381917894711603833208051177722232017256429 3.7548026545581554
3138550867693340381917894711603833208051177722232017256429 3.4022076756436705
3138550867693340381917894711603833208051177722232017256429 3.3718222394721526
6277101735386680763835789423207666416083908700390324961279 3.5429390653227877
6277101735386680763835789423207666416083908700390324961279 3.0601761787142894
25108406941546723055343157692830665664409421777856138051551 3.9717196922437097
25108406941546723055343157692830665664409421777856138051551 3.7255792821444804
25108406941546723055343157692830665664409421777856138051551 3.8322346450188913
25108406941546723055343157692830665664409421777856138051551 4.932630649809185
100433627766186892221372630771322662657637687111424552206321 4.284059364822627
100433627766186892221372630771322662657637687111424552206321 3.2781767093349985
100433627766186892221372630771322662657637687111424552206321 3.391936358861474
100433627766186892221372630771322662657637687111424552206321 5.184410387011687
401734511064747568885490523085290650630550748445698208825327 4.174653887113951
401734511064747568885490523085290650630550748445698208825327 3.7858777953865115
401734511064747568885490523085290650630550748445698208825327 3.785852878183558
401734511064747568885490523085290650630550748445698208825327 5.214956862242797
33343964418374048217495713416079124002335712120992951332503551 3.56700312946582
33343964418374048217495713416079124002335712120992951332503551 5.3044986228705495
102844034832575377634685573909834406561420991602098741459288059 5.181004453459146
102844034832575377634685573909834406561420991602098741459288059 3.682946357085669
102844034832575377634685573909834406561420991602098741459288059 3.8047799363207635
102844034832575377634685573909834406561420991602098741459288059 4.97047416052273
6582018229284824168619876730229402019930943462534319453394436067 4.799335476626314
6582018229284824168619876730229402019930943462534319453394436067 4.000333361113427
6582018229284824168619876730229402019930943462534319453394436067 3.938735736495232
6582018229284824168619876730229402019930943462534319453394436067 4.782332910462709
13164036458569648337239753460458804039861886925068638906788872189 5.269723823453497
13164036458569648337239753460458804039861886925068638906788872189 2.577590741714887
13164036458569648337239753460458804039861886925068638906788872189 3.811310549978028
13164036458569648337239753460458804039861886925068638906788872189 4.920260808230254
105312291668557186697918027683670107800341436973822328098290401279 3.4788038266842096
105312291668557186697918027683670107800341436973822328098290401279 5.26096246669334
3369993333393829974333376885877453834204643052817571560137951281149 5.081756494185874
3369993333393829974333376885877453834204643052817571560137951281149 2.6023765098693903
3369993333393829974333376885877453834204643052817571560137951281149 3.8631231116662867
3369993333393829974333376885877453834204643052817571560137951281149 5.156441965366645
6739986666787659948666753771754907668409286105635143120275902562187 4.948423862078915
6739986666787659948666753771754907668409286105635143120275902562187 2.594732204053657
6739986666787659948666753771754907668409286105635143120275902562187 3.5518902588388994
6739986666787659948666753771754907668409286105635143120275902562187 4.872748263977317
26959946667150639794667015087019630673557916260026308143510066298881 3.8104943403310227
26959946667150639794667015087019630673557916260026308143510066298881 5.485482997665563
107839786668602559178668060348078522694548577690162289924414440996859 5.005005005005005
107839786668602559178668060348078522694548577690162289924414440996859 2.8063610851262863
107839786668602559178668060348078522694548577690162289924414440996859 3.765912963699049
107839786668602559178668060348078522694548577690162289924414440996859 4.903981586450925
1725436586697640946858688965569256363112777243042596638790631055949797 4.919266161236183
1725436586697640946858688965569256363112777243042596638790631055949797 2.7181827007086694
1725436586697640946858688965569256363112777243042596638790631055949797 3.53641773278439
1725436586697640946858688965569256363112777243042596638790631055949797 4.874633975601219
55213970774324510299478046898216203619608871777363092441300193790394353 4.938169713476114
55213970774324510299478046898216203619608871777363092441300193790394353 2.9890744176458464
55213970774324510299478046898216203619608871777363092441300193790394353 3.669012707835793
55213970774324510299478046898216203619608871777363092441300193790394353 4.8328329003744805
14134776518227074636666380005943348126619871175004951664972849610340958199 5.111059345839214
14134776518227074636666380005943348126619871175004951664972849610340958199 3.6159100040176777
14134776518227074636666380005943348126619871175004951664972849610340958199 3.8698054746565016
14134776518227074636666380005943348126619871175004951664972849610340958199 5.380216423544521
3618502788666131106986593281521497120414687020801267626233049500247285301239 5.295218789752925
3618502788666131106986593281521497120414687020801267626233049500247285301239 3.6330608537693005
3618502788666131106986593281521497120414687020801267626233049500247285301239 3.8722080599517743
3618502788666131106986593281521497120414687020801267626233049500247285301239 5.408669398317878
28723632732102194046035667469577626311807405711506937402182952014414119698431 3.563885955649419
28723632732102194046035667469577626311807405711506937402182952014414119698431 5.510247126234752
57896044618658097711785492504343953926634992332820282019728792003956564819203 5.59098011063722
57896044618658097711785492504343953926634992332820282019728792003956564819203 3.6706143084701153
57896044618658097711785492504343953926634992332820282019728792003956564819203 3.707890703759171
57896044618658097711785492504343953926634992332820282019728792003956564819203 5.595777731348164
57896044618658097711785492504343953926634992332820282019728792003956564819949 5.60437205315045
57896044618658097711785492504343953926634992332820282019728792003956564819949 3.1701825077032475
57896044618658097711785492504343953926634992332820282019728792003956564819949 3.6437364923808886
57896044618658097711785492504343953926634992332820282019728792003956564819949 5.37135392495574
115636606695615697602567654828622531023877166082715509571142882662199379099647 4.136022785808939
115636606695615697602567654828622531023877166082715509571142882662199379099647 5.7696788926690585
115792089210356248762697446949407573530086143415290314195533631308867097853951 3.5487571184903084
115792089210356248762697446949407573530086143415290314195533631308867097853951 5.518206538587587
115792089237316195423570985008687907853269984665640564039457584007908834671663 4.404687457516518
115792089237316195423570985008687907853269984665640564039457584007908834671663 3.7181928170785565
115792089237316195423570985008687907853269984665640564039457584007908834671663 5.439428082990132
115792089237316195423570985008687907853269984665640564039457584007913129639747 5.851549869965559
115792089237316195423570985008687907853269984665640564039457584007913129639747 3.704084782385019
115792089237316195423570985008687907853269984665640564039457584007913129639747 3.7340337865677795
115792089237316195423570985008687907853269984665640564039457584007913129639747 5.185197696218352
118571099379011784113736688648896417641748464297615937576404566024103044751294461 5.849282791120664
118571099379011784113736688648896417641748464297615937576404566024103044751294461 4.292646509891751
118571099379011784113736688648896417641748464297615937576404566024103044751294461 3.5696506841830473
118571099379011784113736688648896417641748464297615937576404566024103044751294461 6.003537681569206
62165404551223330269422781018352605012557018849668464680057997111644937126566671941623 6.274142572866674
62165404551223330269422781018352605012557018849668464680057997111644937126566671941623 6.138735420503376
62165404551223330269422781018352605012557018849668464680057997111644937126566671941623 3.7770735234340433
62165404551223330269422781018352605012557018849668464680057997111644937126566671941623 6.093970893970894
3978585891278293137243057985174566720803649206378781739523711815145275976100267004264429 6.4911394347912275
3978585891278293137243057985174566720803649206378781739523711815145275976100267004264429 6.41721323078375
3978585891278293137243057985174566720803649206378781739523711815145275976100267004264429 6.136206305573665
4271974071841820164790043412339104229205409044713305539894083215644439451561281100045924173873143 6.864797374760382
4271974071841820164790043412339104229205409044713305539894083215644439451561281100045924173873143 7.722675273031151
4271974071841820164790043412339104229205409044713305539894083215644439451561281100045924173873143 7.1440848652055315
8543948143683640329580086824678208458410818089423688076513504625452471533457129634052536482660351 6.9050916875834805
139984046386112763159840142535527767382602843577165595931249318810236991948760059086304843329475444719 7.480522849175984
139984046386112763159840142535527767382602843577165595931249318810236991948760059086304843329475444719 7.089694138099636
139984046386112763159840142535527767382602843577165595931249318810236991948760059086304843329475444719 6.8691051433350365
139984046386112763159840142535527767382602843577165595931249318810236991948760059086304843329475444733 7.836454918723255
139984046386112763159840142535527767382602843577165595931249318810236991948760059086304843329475444733 6.973388906700865
139984046386112763159840142535527767382602843577165595931249318810236991948760059086304843329475444733 7.288518016664725
559936185544451052639360570142111069530411374308662383724997275240947967795040236345219373317901778929 7.553648068669528
559936185544451052639360570142111069530411374308662383724997275240947967795040236345219373317901778929 6.921315570358035
559936185544451052639360570142111069530411374308662383724997275240947967795040236345219373317901778929 6.848659420605154
1202453802380202612679414065556140558016349465041059773802132977424491020858679523053413887173001575952350707687 8.030123242125544
1202453802380202612679414065556140558016349465041059773802132977424491020858679523053413887173001575952350707687 7.612420990992543
1202453802380202612679414065556140558016349465041059773802132977424491020858679523053413887173001575952350707687 7.607354849930271
1231312693637327475383720003129487931408741852202045208373384168882678805359287831606695820465153613775207124697069 8.338132049022517
1231312693637327475383720003129487931408741852202045208373384168882678805359287831606695820465153613775207124697069 7.64944442612681
1231312693637327475383720003129487931408741852202045208373384168882678805359287831606695820465153613775207124697069 6.73013554418809
9850501549098619803069760025035903451269934817616361666987073351061430442874302652853566563721228910201656997576599 8.06021692055839
9850501549098619803069760025035903451269934817616361666987073351061430442874302652853566563721228910201656997576599 8.096193759755742
9850501549098619803069760025035903451269934817616361666987073351061430442874302652853566563721228910201656997576599 6.696305744346731
19701003098197239606139520050071806902539869635232723333974146702122860885748605305707133127442457820403313995152987 8.550773934175638
19701003098197239606139520050071806902539869635232723333974146702122860885748605305707133127442457820403313995152987 7.804669657087461
19701003098197239606139520050071806902539869635232723333974146702122860885748605305707133127442457820403313995152987 6.831893745388256
19701003098197239606139520050071806902539869635232723333974146702122860885748605305707133127442457820403313995153221 8.301631542841792
19701003098197239606139520050071806902539869635232723333974146702122860885748605305707133127442457820403313995153221 7.991556091676719
19701003098197239606139520050071806902539869635232723333974146702122860885748605305707133127442457820403313995153221 6.819434669153789
19701003098197239606139520050071806902539869635232723333974146702122860885748605305707133127442457820403313995153377 8.257893363277873
19701003098197239606139520050071806902539869635232723333974146702122860885748605305707133127442457820403313995153377 8.095860418540708
19701003098197239606139520050071806902539869635232723333974146702122860885748605305707133127442457820403313995153377 6.941050099074235
27242793346725870392864805069239920482418413479970250235261124736529268568574243274298145027791523704776457633923071 6.870074470392597
39399000061888528705747341564979723453684698396802844018513788071802160543945063912606632720166983136866747113537535 7.340294508068915
39402006196394479212279040100143613805079739270465446667948293404245721771496870329047266088258938001861606973112319 6.836073655962664
39402006196394479212279040100143613805079739270465446667948293404245721771497210611414266254884915640806627990306499 8.516611374230655
39402006196394479212279040100143613805079739270465446667948293404245721771497210611414266254884915640806627990306499 8.067398519274954
39402006196394479212279040100143613805079739270465446667948293404245721771497210611414266254884915640806627990306499 6.78974606263616
1260864198284623334792929283204595641762551656654894293374345388935863096687910739565256520156317300505812095689818091 8.565486554459277
1260864198284623334792929283204595641762551656654894293374345388935863096687910739565256520156317300505812095689818091 8.285327007793967
1260864198284623334792929283204595641762551656654894293374345388935863096687910739565256520156317300505812095689818091 7.846958848918771
5164499756173817179311838344006023748659411585658447025661318713081295244033682389259290706560275662871806343945494986721 8.57373549375958
5164499756173817179311838344006023748659411585658447025661318713081295244033682389259290706560275662871806343945494986721 8.759469696969697
5164499756173817179311838344006023748659411585658447025661318713081295244033682389259290706560275662871806343945494986721 7.664699842601823
21153791001287955166461289857048673274508949854856999017108761448780985319561963066406054734070889115122918784800747465736171 8.731600257312596
21153791001287955166461289857048673274508949854856999017108761448780985319561963066406054734070889115122918784800747465736171 8.67833928675997
21153791001287955166461289857048673274508949854856999017108761448780985319561963066406054734070889115122918784800747465736171 6.618842659014826
42307582002575910332922579714097346549017899709713998034217522897561970639123926132812109468141778230245837569601494931472367 8.917754420837113
42307582002575910332922579714097346549017899709713998034217522897561970639123926132812109468141778230245837569601494931472367 9.240628958938817
42307582002575910332922579714097346549017899709713998034217522897561970639123926132812109468141778230245837569601494931472367 6.603701809090173
169230328010303641331690318856389386196071598838855992136870091178871743226194193992506142233229486675299383870011013888737279 7.684106744070986
45427420268475430659332737993000283397102585042957378767593137448789955507087370207886940669610222847547657600391636120845912601788399 9.344345581159049
45427420268475430659332737993000283397102585042957378767593137448789955507087370207886940669610222847547657600391636120845912601788399 8.906264700040769
45427420268475430659332737993000283397102585042957378767593137448789955507087370207886940669610222847547657600391636120845912601788399 6.860662188673295
726838724295606890549323807888004534353641360687318060281490199180612328166730772686396383698676545930088884461843637361053498018365439 7.821855464599015
2907354897182427562197295231552018137414565442749272241125960796722503232560257392025174868824880222981702812136219630589176199293960191 6.214586518297084
11629419588729710248789180926208072549658261770997088964503843186890228609814366773219056811420217048972200345700258846936553626057834493 9.570902774616272
11629419588729710248789180926208072549658261770997088964503843186890228609814366773219056811420217048972200345700258846936553626057834493 8.69030376381421
11629419588729710248789180926208072549658261770997088964503843186890228609814366773219056811420217048972200345700258846936553626057834493 6.14401414886832
762145642166990290864647761179972242614403843424065222377723867096038022172794340849684107193235344521442121855812163792833978437326241529839 9.665920535592768
762145642166990290864647761179972242614403843424065222377723867096038022172794340849684107193235344521442121855812163792833978437326241529839 8.829479495566353
762145642166990290864647761179972242614403843424065222377723867096038022172794340849684107193235344521442121855812163792833978437326241529839 7.532234146013941
3121748550315992231381597229793166305748598142664971150859156959625371737052918555341921773480194470416908415293922726019829017557682084013670399 7.414264948311285
799167628880894011233688890827050574271641124522232614619944181664095165137859998750798362384253944616915694367080095461234681773897801038410285039 9.217223827211445
799167628880894011233688890827050574271641124522232614619944181664095165137859998750798362384253944616915694367080095461234681773897801038410285039 9.223727243184191
799167628880894011233688890827050574271641124522232614619944181664095165137859998750798362384253944616915694367080095461234681773897801038410285039 7.751154992587636
1598335257761788022467377781654101148543282249044465229239888363328190330275719997501596724768507889233831388734160190922469363547795602076820570091 9.065698649934454
1598335257761788022467377781654101148543282249044465229239888363328190330275719997501596724768507889233831388734160190922469363547795602076820570091 9.414858460716346
1598335257761788022467377781654101148543282249044465229239888363328190330275719997501596724768507889233831388734160190922469363547795602076820570091 7.593065517396455
102293456496754433437912178025862473506770063938845774671352855253004181137646079840102190385184504910965208878986252219038039267058918532916516487137 9.100070036359302
102293456496754433437912178025862473506770063938845774671352855253004181137646079840102190385184504910965208878986252219038039267058918532916516487137 9.216745214641612
102293456496754433437912178025862473506770063938845774671352855253004181137646079840102190385184504910965208878986252219038039267058918532916516487137 6.1873476240311405
3292621777717531703499517186296461297235914818063567795121505704883698582458552017893209304118318844074148143396809486426396407928092469737516832688963583 6.015573028080213
6703903964971298549787012499102923063739682910296196688861780721860882015036773488400937149083451713845015929093243025426876941405973284973216824503041567 8.894324144214561
6703903964971298549787012499102923063739682910296196688861780721860882015036773488400937149083451713845015929093243025426876941405973284973216824503041567 9.280662070057863
6703903964971298549787012499102923063739682910296196688861780721860882015036773488400937149083451713845015929093243025426876941405973284973216824503041567 6.108786657605857
6703903964971298549787012499102923063739682910296196688861780721860882015036773488400937149083451713845015929093243025426876941405973284973216824503041861 8.90948756874139
6703903964971298549787012499102923063739682910296196688861780721860882015036773488400937149083451713845015929093243025426876941405973284973216824503041861 9.301515415432851
6703903964971298549787012499102923063739682910296196688861780721860882015036773488400937149083451713845015929093243025426876941405973284973216824503041861 7.6149894617700475
13307355755662784245937995239384449178495717617804446826996292939863313924196378526398893947208652243867464023067321551174658528251694711947109629815685119 6.060387391863049
13407807929942597099574024998205846127479365820592393377723561443721764030073546976801874298166903427690031858186486050853753882811946569946433649006083527 9.103740638115264
13407807929942597099574024998205846127479365820592393377723561443721764030073546976801874298166903427690031858186486050853753882811946569946433649006083527 9.138546193406636
13407807929942597099574024998205846127479365820592393377723561443721764030073546976801874298166903427690031858186486050853753882811946569946433649006083527 6.3073780931482695
6864797660130609714981900799081393217269435300143305409394463459185543183397656052122559640661454554977296311391480858037121987999716643812574028291115057151 9.071459629599701
6864797660130609714981900799081393217269435300143305409394463459185543183397656052122559640661454554977296311391480858037121987999716643812574028291115057151 9.098831094684336
6864797660130609714981900799081393217269435300143305409394463459185543183397656052122559640661454554977296311391480858037121987999716643812574028291115057151 5.741617071569343