170141183460469231731687303715884105727 0.8093939393939394
170141183460469231731687303715884105727 1.12375
170141183460469231731687303715884105727 0.349004132231405
170141183460469231731687303715884105727 0.8415217391304348
680564733841876926926749214863536422887 0.7327058823529411
680564733841876926926749214863536422887 0.8568333333333332
680564733841876926926749214863536422887 0.3592140468227425
680564733841876926926749214863536422887 0.28935251798561146
1361129467683753853853498429727072845819 0.577030303030303
1361129467683753853853498429727072845819 0.9521666666666667
1361129467683753853853498429727072845819 0.3697355371900827
1361129467683753853853498429727072845819 0.29722463768115936
174224571863520493293247799005065324265459 0.4688363636363636
174224571863520493293247799005065324265459 0.5767692307692308
174224571863520493293247799005065324265459 0.3786923076923077
174224571863520493293247799005065324265459 0.3004963503649635
1393796574908163946345982392040522594123749 0.42491228070175435
1393796574908163946345982392040522594123749 0.4872142857142857
1393796574908163946345982392040522594123749 0.3471694078947368
1393796574908163946345982392040522594123749 0.2910217391304348
2787593149816327892691964784081045188247543 0.40656896551724137
2787593149816327892691964784081045188247543 0.8196428571428572
2787593149816327892691964784081045188247543 0.3528552631578947
2787593149816327892691964784081045188247543 0.29415328467153284
1427247692705959881058285969449495136382746619 0.473421875
1427247692705959881058285969449495136382746619 0.5147333333333334
1427247692705959881058285969449495136382746619 0.3335629139072848
1427247692705959881058285969449495136382746619 0.2725797101449275
1427247692705959881058285969449495136382746621 0.35309523809523813
1427247692705959881058285969449495136382746621 0.5442
1427247692705959881058285969449495136382746621 0.33614453781512604
1427247692705959881058285969449495136382746621 0.2905217391304348
5708990770823839524233143877797980545530986479 0.37307575757575756
5708990770823839524233143877797980545530986479 0.4868125
5708990770823839524233143877797980545530986479 0.3620689655172414
5708990770823839524233143877797980545530986479 0.2758394160583941
365375409332725729550921208179070754913983135729 0.3366428571428571
365375409332725729550921208179070754913983135729 0.7367647058823529
365375409332725729550921208179070754913983135729 0.33570686767169183
365375409332725729550921208179070754913983135729 0.31416666666666665
46768052394588893382517914646921056628989841375207 0.2982830188679245
46768052394588893382517914646921056628989841375207 0.41044444444444445
46768052394588893382517914646921056628989841375207 0.3228740431454419
46768052394588893382517914646921056628989841375207 0.27043165467625896
93536104789177786765035829293842113257979682750459 0.2814299065420561
93536104789177786765035829293842113257979682750459 0.47783333333333333
93536104789177786765035829293842113257979682750459 0.31521583742116327
93536104789177786765035829293842113257979682750459 0.3219208633093525
2993155353253689176481146537402947624255349848014829 0.2841150442477876
2993155353253689176481146537402947624255349848014829 0.38273684210526315
2993155353253689176481146537402947624255349848014829 0.31127419354838715
2993155353253689176481146537402947624255349848014829 0.3076978417266187
23945242826029513411849172299223580994042798784118767 0.28376666666666667
23945242826029513411849172299223580994042798784118767 0.6061000000000001
23945242826029513411849172299223580994042798784118767 0.3248400837988827
23945242826029513411849172299223580994042798784118767 0.3366546762589928
23945242826029513411849172299223580994042798784118781 0.32507692307692304
23945242826029513411849172299223580994042798784118781 0.3182105263157895
23945242826029513411849172299223580994042798784118781 0.3225938158819395
23945242826029513411849172299223580994042798784118781 0.2601798561151079
784637716923335095479473677900958302012794430558004314087 0.24171038251366123
784637716923335095479473677900958302012794430558004314087 0.27759999999999996
784637716923335095479473677900958302012794430558004314087 0.3012662889518414
784637716923335095479473677900958302012794430558004314087 0.2519142857142857
1569275433846670190958947355801916604025588861116008628213 0.24453804347826089
1569275433846670190958947355801916604025588861116008628213 0.26535
1569275433846670190958947355801916604025588861116008628213 0.2936008432888264
1569275433846670190958947355801916604025588861116008628213 0.24715714285714285
3138550867693340381917894711603833208051177722232017256429 0.24674731182795698
3138550867693340381917894711603833208051177722232017256429 0.26632558139534884
3138550867693340381917894711603833208051177722232017256429 0.2939267955801105
3138550867693340381917894711603833208051177722232017256429 0.29657553956834526
6277101735386680763835789423207666416083908700390324961279 0.2822515379357485
6277101735386680763835789423207666416083908700390324961279 0.32677857142857136
25108406941546723055343157692830665664409421777856138051551 0.2517801047120419
25108406941546723055343157692830665664409421777856138051551 0.2684146341463414
25108406941546723055343157692830665664409421777856138051551 0.2609443556124081
25108406941546723055343157692830665664409421777856138051551 0.20273157894736846
100433627766186892221372630771322662657637687111424552206321 0.2334234693877551
100433627766186892221372630771322662657637687111424552206321 0.30504761904761907
100433627766186892221372630771322662657637687111424552206321 0.2948168521462639
100433627766186892221372630771322662657637687111424552206321 0.19288596491228072
401734511064747568885490523085290650630550748445698208825327 0.2395408163265306
401734511064747568885490523085290650630550748445698208825327 0.26413953488372094
401734511064747568885490523085290650630550748445698208825327 0.2641412733607856
401734511064747568885490523085290650630550748445698208825327 0.1917561403508772
33343964418374048217495713416079124002335712120992951332503551 0.2803473851030111
33343964418374048217495713416079124002335712120992951332503551 0.18851923076923077
102844034832575377634685573909834406561420991602098741459288059 0.19301276595744682
102844034832575377634685573909834406561420991602098741459288059 0.27152173913043476
102844034832575377634685573909834406561420991602098741459288059 0.2628272900763359
102844034832575377634685573909834406561420991602098741459288059 0.20118804920913885
6582018229284824168619876730229402019930943462534319453394436067 0.20836217948717947
6582018229284824168619876730229402019930943462534319453394436067 0.24997916666666664
6582018229284824168619876730229402019930943462534319453394436067 0.2538885741265345
6582018229284824168619876730229402019930943462534319453394436067 0.20910296684118676
13164036458569648337239753460458804039861886925068638906788872189 0.18976326530612245
13164036458569648337239753460458804039861886925068638906788872189 0.3879591836734694
13164036458569648337239753460458804039861886925068638906788872189 0.2623769401330377
13164036458569648337239753460458804039861886925068638906788872189 0.20324125874125876
105312291668557186697918027683670107800341436973822328098290401279 0.2874551282051282
105312291668557186697918027683670107800341436973822328098290401279 0.19007928802588997
3369993333393829974333376885877453834204643052817571560137951281149 0.19678235294117644
3369993333393829974333376885877453834204643052817571560137951281149 0.3842641509433962
3369993333393829974333376885877453834204643052817571560137951281149 0.25885791653392803
3369993333393829974333376885877453834204643052817571560137951281149 0.1939321739130435
6739986666787659948666753771754907668409286105635143120275902562187 0.20208454810495627
6739986666787659948666753771754907668409286105635143120275902562187 0.38539622641509436
6739986666787659948666753771754907668409286105635143120275902562187 0.28154022988505745
6739986666787659948666753771754907668409286105635143120275902562187 0.20522299651567946
26959946667150639794667015087019630673557916260026308143510066298881 0.2624331413947537
26959946667150639794667015087019630673557916260026308143510066298881 0.18229935275080905
107839786668602559178668060348078522694548577690162289924414440996859 0.1998
107839786668602559178668060348078522694548577690162289924414440996859 0.35633333333333334
107839786668602559178668060348078522694548577690162289924414440996859 0.2655398596938775
107839786668602559178668060348078522694548577690162289924414440996859 0.20391593695271454
1725436586697640946858688965569256363112777243042596638790631055949797 0.20328235294117644
1725436586697640946858688965569256363112777243042596638790631055949797 0.36789285714285713
1725436586697640946858688965569256363112777243042596638790631055949797 0.282772023997474
1725436586697640946858688965569256363112777243042596638790631055949797 0.20514360770577936
55213970774324510299478046898216203619608871777363092441300193790394353 0.2025041782729805
55213970774324510299478046898216203619608871777363092441300193790394353 0.33455172413793105
55213970774324510299478046898216203619608871777363092441300193790394353 0.27255288537549405
55213970774324510299478046898216203619608871777363092441300193790394353 0.20691797556719024
14134776518227074636666380005943348126619871175004951664972849610340958199 0.19565415549597856
14134776518227074636666380005943348126619871175004951664972849610340958199 0.27655555555555555
14134776518227074636666380005943348126619871175004951664972849610340958199 0.25841092182773445
14134776518227074636666380005943348126619871175004951664972849610340958199 0.18586612903225808
3618502788666131106986593281521497120414687020801267626233049500247285301239 0.188849609375
3618502788666131106986593281521497120414687020801267626233049500247285301239 0.27525
3618502788666131106986593281521497120414687020801267626233049500247285301239 0.25825058584596156
3618502788666131106986593281521497120414687020801267626233049500247285301239 0.1848883572567783
28723632732102194046035667469577626311807405711506937402182952014414119698431 0.2805925925925926
28723632732102194046035667469577626311807405711506937402182952014414119698431 0.18148006379585327
57896044618658097711785492504343953926634992332820282019728792003956564819203 0.1788595166163142
57896044618658097711785492504343953926634992332820282019728792003956564819203 0.27243396226415095
57896044618658097711785492504343953926634992332820282019728792003956564819203 0.2696951123683797
57896044618658097711785492504343953926634992332820282019728792003956564819203 0.17870616883116883
57896044618658097711785492504343953926634992332820282019728792003956564819949 0.1784321223709369
57896044618658097711785492504343953926634992332820282019728792003956564819949 0.3154392523364486
57896044618658097711785492504343953926634992332820282019728792003956564819949 0.2744435559736595
57896044618658097711785492504343953926634992332820282019728792003956564819949 0.1861728
115636606695615697602567654828622531023877166082715509571142882662199379099647 0.24177816510854067
115636606695615697602567654828622531023877166082715509571142882662199379099647 0.17331987075928917
115792089210356248762697446949407573530086143415290314195533631308867097853951 0.2817887972072358
115792089210356248762697446949407573530086143415290314195533631308867097853951 0.18121829855537722
115792089237316195423570985008687907853269984665640564039457584007908834671663 0.22703086419753085
115792089237316195423570985008687907853269984665640564039457584007908834671663 0.26894785967170903
115792089237316195423570985008687907853269984665640564039457584007908834671663 0.18384285714285714
115792089237316195423570985008687907853269984665640564039457584007913129639747 0.1708948948948949
115792089237316195423570985008687907853269984665640564039457584007913129639747 0.2699722222222222
115792089237316195423570985008687907853269984665640564039457584007913129639747 0.2678068965517241
115792089237316195423570985008687907853269984665640564039457584007913129639747 0.19285667752442998
118571099379011784113736688648896417641748464297615937576404566024103044751294461 0.1709611307420495
118571099379011784113736688648896417641748464297615937576404566024103044751294461 0.23295652173913042
118571099379011784113736688648896417641748464297615937576404566024103044751294461 0.280139455782313
118571099379011784113736688648896417641748464297615937576404566024103044751294461 0.16656845564074477
62165404551223330269422781018352605012557018849668464680057997111644937126566671941623 0.15938432835820895
62165404551223330269422781018352605012557018849668464680057997111644937126566671941623 0.16290000000000002
62165404551223330269422781018352605012557018849668464680057997111644937126566671941623 0.2647552380952381
62165404551223330269422781018352605012557018849668464680057997111644937126566671941623 0.164096615720524
3978585891278293137243057985174566720803649206378781739523711815145275976100267004264429 0.154056157635468
3978585891278293137243057985174566720803649206378781739523711815145275976100267004264429 0.15583088235294115
3978585891278293137243057985174566720803649206378781739523711815145275976100267004264429 0.1629671412924425
4271974071841820164790043412339104229205409044713305539894083215644439451561281100045924173873143 0.1456707234617985
4271974071841820164790043412339104229205409044713305539894083215644439451561281100045924173873143 0.12948880597014925
4271974071841820164790043412339104229205409044713305539894083215644439451561281100045924173873143 0.13997594077729794
8543948143683640329580086824678208458410818089423688076513504625452471533457129634052536482660351 0.14482066933277202
139984046386112763159840142535527767382602843577165595931249318810236991948760059086304843329475444719 0.13368049535603715
139984046386112763159840142535527767382602843577165595931249318810236991948760059086304843329475444719 0.14104980842911877
139984046386112763159840142535527767382602843577165595931249318810236991948760059086304843329475444719 0.14557937011202707
139984046386112763159840142535527767382602843577165595931249318810236991948760059086304843329475444733 0.12760872235872237
139984046386112763159840142535527767382602843577165595931249318810236991948760059086304843329475444733 0.1434022988505747
139984046386112763159840142535527767382602843577165595931249318810236991948760059086304843329475444733 0.13720210304942165
559936185544451052639360570142111069530411374308662383724997275240947967795040236345219373317901778929 0.13238636363636364
559936185544451052639360570142111069530411374308662383724997275240947967795040236345219373317901778929 0.1444812030075188
559936185544451052639360570142111069530411374308662383724997275240947967795040236345219373317901778929 0.14601397712833544
1202453802380202612679414065556140558016349465041059773802132977424491020858679523053413887173001575952350707687 0.12453108997805414
1202453802380202612679414065556140558016349465041059773802132977424491020858679523053413887173001575952350707687 0.13136425339366514
1202453802380202612679414065556140558016349465041059773802132977424491020858679523053413887173001575952350707687 0.13145173581710415
1231312693637327475383720003129487931408741852202045208373384168882678805359287831606695820465153613775207124697069 0.11993093826299267
1231312693637327475383720003129487931408741852202045208373384168882678805359287831606695820465153613775207124697069 0.13072844827586205
1231312693637327475383720003129487931408741852202045208373384168882678805359287831606695820465153613775207124697069 0.14858541754980925
9850501549098619803069760025035903451269934817616361666987073351061430442874302652853566563721228910201656997576599 0.12406613988879134
9850501549098619803069760025035903451269934817616361666987073351061430442874302652853566563721228910201656997576599 0.12351483050847457
9850501549098619803069760025035903451269934817616361666987073351061430442874302652853566563721228910201656997576599 0.14933607248209016
19701003098197239606139520050071806902539869635232723333974146702122860885748605305707133127442457820403313995152987 0.1169484783129643
19701003098197239606139520050071806902539869635232723333974146702122860885748605305707133127442457820403313995152987 0.12812842105263159
19701003098197239606139520050071806902539869635232723333974146702122860885748605305707133127442457820403313995152987 0.14637229987293518
19701003098197239606139520050071806902539869635232723333974146702122860885748605305707133127442457820403313995153221 0.12045824906096504
19701003098197239606139520050071806902539869635232723333974146702122860885748605305707133127442457820403313995153221 0.1251320754716981
19701003098197239606139520050071806902539869635232723333974146702122860885748605305707133127442457820403313995153221 0.1466397214014352
19701003098197239606139520050071806902539869635232723333974146702122860885748605305707133127442457820403313995153377 0.12109625978544507
19701003098197239606139520050071806902539869635232723333974146702122860885748605305707133127442457820403313995153377 0.12351991614255765
19701003098197239606139520050071806902539869635232723333974146702122860885748605305707133127442457820403313995153377 0.14407041956567573
27242793346725870392864805069239920482418413479970250235261124736529268568574243274298145027791523704776457633923071 0.14555882972005893
39399000061888528705747341564979723453684698396802844018513788071802160543945063912606632720166983136866747113537535 0.1362343157894737
39402006196394479212279040100143613805079739270465446667948293404245721771496870329047266088258938001861606973112319 0.1462828006728343
39402006196394479212279040100143613805079739270465446667948293404245721771497210611414266254884915640806627990306499 0.11741759205143192
39402006196394479212279040100143613805079739270465446667948293404245721771497210611414266254884915640806627990306499 0.12395569620253165
39402006196394479212279040100143613805079739270465446667948293404245721771497210611414266254884915640806627990306499 0.14728091312618896
1260864198284623334792929283204595641762551656654894293374345388935863096687910739565256520156317300505812095689818091 0.1167476002258611
1260864198284623334792929283204595641762551656654894293374345388935863096687910739565256520156317300505812095689818091 0.12069529652351739
1260864198284623334792929283204595641762551656654894293374345388935863096687910739565256520156317300505812095689818091 0.12743790546802594
5164499756173817179311838344006023748659411585658447025661318713081295244033682389259290706560275662871806343945494986721 0.11663527533918595
5164499756173817179311838344006023748659411585658447025661318713081295244033682389259290706560275662871806343945494986721 0.11416216216216216
5164499756173817179311838344006023748659411585658447025661318713081295244033682389259290706560275662871806343945494986721 0.13046825323045458
21153791001287955166461289857048673274508949854856999017108761448780985319561963066406054734070889115122918784800747465736171 0.11452654387865654
21153791001287955166461289857048673274508949854856999017108761448780985319561963066406054734070889115122918784800747465736171 0.11522941970310392
21153791001287955166461289857048673274508949854856999017108761448780985319561963066406054734070889115122918784800747465736171 0.15108381502890172
42307582002575910332922579714097346549017899709713998034217522897561970639123926132812109468141778230245837569601494931472367 0.11213585313174947
42307582002575910332922579714097346549017899709713998034217522897561970639123926132812109468141778230245837569601494931472367 0.10821774193548388
42307582002575910332922579714097346549017899709713998034217522897561970639123926132812109468141778230245837569601494931472367 0.15143021730985387
169230328010303641331690318856389386196071598838855992136870091178871743226194193992506142233229486675299383870011013888737279 0.130138743943347
45427420268475430659332737993000283397102585042957378767593137448789955507087370207886940669610222847547657600391636120845912601788399 0.10701659001314061
45427420268475430659332737993000283397102585042957378767593137448789955507087370207886940669610222847547657600391636120845912601788399 0.11228051643192488
45427420268475430659332737993000283397102585042957378767593137448789955507087370207886940669610222847547657600391636120845912601788399 0.14575852483320978
726838724295606890549323807888004534353641360687318060281490199180612328166730772686396383698676545930088884461843637361053498018365439 0.12784690340110558
2907354897182427562197295231552018137414565442749272241125960796722503232560257392025174868824880222981702812136219630589176199293960191 0.16091175125743026
11629419588729710248789180926208072549658261770997088964503843186890228609814366773219056811420217048972200345700258846936553626057834493 0.10448335162824735
11629419588729710248789180926208072549658261770997088964503843186890228609814366773219056811420217048972200345700258846936553626057834493 0.11507077625570776
11629419588729710248789180926208072549658261770997088964503843186890228609814366773219056811420217048972200345700258846936553626057834493 0.16276004185052087
762145642166990290864647761179972242614403843424065222377723867096038022172794340849684107193235344521442121855812163792833978437326241529839 0.10345626123427201
762145642166990290864647761179972242614403843424065222377723867096038022172794340849684107193235344521442121855812163792833978437326241529839 0.11325695931477515
762145642166990290864647761179972242614403843424065222377723867096038022172794340849684107193235344521442121855812163792833978437326241529839 0.13276273421866472
3121748550315992231381597229793166305748598142664971150859156959625371737052918555341921773480194470416908415293922726019829017557682084013670399 0.1348751369112815
799167628880894011233688890827050574271641124522232614619944181664095165137859998750798362384253944616915694367080095461234681773897801038410285039 0.10849253731343284
799167628880894011233688890827050574271641124522232614619944181664095165137859998750798362384253944616915694367080095461234681773897801038410285039 0.10841604197901049
799167628880894011233688890827050574271641124522232614619944181664095165137859998750798362384253944616915694367080095461234681773897801038410285039 0.1290130310845663
1598335257761788022467377781654101148543282249044465229239888363328190330275719997501596724768507889233831388734160190922469363547795602076820570091 0.11030589462702138
1598335257761788022467377781654101148543282249044465229239888363328190330275719997501596724768507889233831388734160190922469363547795602076820570091 0.10621508588498879
1598335257761788022467377781654101148543282249044465229239888363328190330275719997501596724768507889233831388734160190922469363547795602076820570091 0.13169911384392802
102293456496754433437912178025862473506770063938845774671352855253004181137646079840102190385184504910965208878986252219038039267058918532916516487137 0.10988926414901237
102293456496754433437912178025862473506770063938845774671352855253004181137646079840102190385184504910965208878986252219038039267058918532916516487137 0.10849817117776153
102293456496754433437912178025862473506770063938845774671352855253004181137646079840102190385184504910965208878986252219038039267058918532916516487137 0.16162014174152486
3292621777717531703499517186296461297235914818063567795121505704883698582458552017893209304118318844074148143396809486426396407928092469737516832688963583 0.16623520242079684
6703903964971298549787012499102923063739682910296196688861780721860882015036773488400937149083451713845015929093243025426876941405973284973216824503041567 0.11243125208681136
6703903964971298549787012499102923063739682910296196688861780721860882015036773488400937149083451713845015929093243025426876941405973284973216824503041567 0.10775093333333333
6703903964971298549787012499102923063739682910296196688861780721860882015036773488400937149083451713845015929093243025426876941405973284973216824503041567 0.16369862888482634
6703903964971298549787012499102923063739682910296196688861780721860882015036773488400937149083451713845015929093243025426876941405973284973216824503041861 0.11223990069961635
6703903964971298549787012499102923063739682910296196688861780721860882015036773488400937149083451713845015929093243025426876941405973284973216824503041861 0.10750936329588015
6703903964971298549787012499102923063739682910296196688861780721860882015036773488400937149083451713845015929093243025426876941405973284973216824503041861 0.13131994535519126
13307355755662784245937995239384449178495717617804446826996292939863313924196378526398893947208652243867464023067321551174658528251694711947109629815685119 0.16500595347133176
13407807929942597099574024998205846127479365820592393377723561443721764030073546976801874298166903427690031858186486050853753882811946569946433649006083527 0.10984495711721294
13407807929942597099574024998205846127479365820592393377723561443721764030073546976801874298166903427690031858186486050853753882811946569946433649006083527 0.10942659574468085
13407807929942597099574024998205846127479365820592393377723561443721764030073546976801874298166903427690031858186486050853753882811946569946433649006083527 0.1585444831801512
6864797660130609714981900799081393217269435300143305409394463459185543183397656052122559640661454554977296311391480858037121987999716643812574028291115057151 0.11023584305408271
6864797660130609714981900799081393217269435300143305409394463459185543183397656052122559640661454554977296311391480858037121987999716643812574028291115057151 0.10990422721268163
6864797660130609714981900799081393217269435300143305409394463459185543183397656052122559640661454554977296311391480858037121987999716643812574028291115057151 0.1741669615954852