170141183460469231731687303715884105727 8.723324597529016
680564733841876926926749214863536422887 7.18529222864483
1361129467683753853853498429727072845819 9.557819556769246
174224571863520493293247799005065324265459 10.509578841231678
1393796574908163946345982392040522594123749 11.312964492155245
2787593149816327892691964784081045188247543 11.873966328824054
1427247692705959881058285969449495136382746619 9.373246641803359
1427247692705959881058285969449495136382746621 12.766913913238929
5708990770823839524233143877797980545530986479 11.89944360963327
365375409332725729550921208179070754913983135729 11.754720984510929
46768052394588893382517914646921056628989841375207 13.125434878866468
93536104789177786765035829293842113257979682750459 12.88480058446518
2993155353253689176481146537402947624255349848014829 13.08207444323314
23945242826029513411849172299223580994042798784118767 12.392810994948901
23945242826029513411849172299223580994042798784118781 10.359152337382342
784637716923335095479473677900958302012794430558004314087 12.45676305021138
1569275433846670190958947355801916604025588861116008628213 12.91254583842649
3138550867693340381917894711603833208051177722232017256429 12.506809020590477
25108406941546723055343157692830665664409421777856138051551 12.019130796423372
100433627766186892221372630771322662657637687111424552206321 12.742890865773425
401734511064747568885490523085290650630550748445698208825327 11.693290734824282
102844034832575377634685573909834406561420991602098741459288059 13.161955994532386
6582018229284824168619876730229402019930943462534319453394436067 12.213693488593888
13164036458569648337239753460458804039861886925068638906788872189 12.389228254323324
3369993333393829974333376885877453834204643052817571560137951281149 12.480196096015305
6739986666787659948666753771754907668409286105635143120275902562187 11.512659597489721
107839786668602559178668060348078522694548577690162289924414440996859 12.542845876179207
1725436586697640946858688965569256363112777243042596638790631055949797 12.630939290468199
55213970774324510299478046898216203619608871777363092441300193790394353 11.96715223042958
14134776518227074636666380005943348126619871175004951664972849610340958199 12.017155620109895
3618502788666131106986593281521497120414687020801267626233049500247285301239 11.955611173739024
57896044618658097711785492504343953926634992332820282019728792003956564819203 12.45724420421435
57896044618658097711785492504343953926634992332820282019728792003956564819949 12.494642091727389
115792089237316195423570985008687907853269984665640564039457584007913129639747 12.27419694946229
118571099379011784113736688648896417641748464297615937576404566024103044751294461 12.1636145674011
62165404551223330269422781018352605012557018849668464680057997111644937126566671941623 11.963010651995784
3978585891278293137243057985174566720803649206378781739523711815145275976100267004264429 13.378781968062315
4271974071841820164790043412339104229205409044713305539894083215644439451561281100045924173873143 11.99831048935469
139984046386112763159840142535527767382602843577165595931249318810236991948760059086304843329475444719 13.034174178068866
139984046386112763159840142535527767382602843577165595931249318810236991948760059086304843329475444733 13.275763308254753
559936185544451052639360570142111069530411374308662383724997275240947967795040236345219373317901778929 12.76882032246839
1202453802380202612679414065556140558016349465041059773802132977424491020858679523053413887173001575952350707687 12.55624610829799
1231312693637327475383720003129487931408741852202045208373384168882678805359287831606695820465153613775207124697069 13.110672925355251
9850501549098619803069760025035903451269934817616361666987073351061430442874302652853566563721228910201656997576599 12.412309463265508
19701003098197239606139520050071806902539869635232723333974146702122860885748605305707133127442457820403313995152987 12.564904328867723
19701003098197239606139520050071806902539869635232723333974146702122860885748605305707133127442457820403313995153221 12.715096448599924
19701003098197239606139520050071806902539869635232723333974146702122860885748605305707133127442457820403313995153377 12.77830585091737
39402006196394479212279040100143613805079739270465446667948293404245721771497210611414266254884915640806627990306499 13.130812861028911
1260864198284623334792929283204595641762551656654894293374345388935863096687910739565256520156317300505812095689818091 13.024763010253434
5164499756173817179311838344006023748659411585658447025661318713081295244033682389259290706560275662871806343945494986721 12.952977884825927
21153791001287955166461289857048673274508949854856999017108761448780985319561963066406054734070889115122918784800747465736171 12.973474098459908
42307582002575910332922579714097346549017899709713998034217522897561970639123926132812109468141778230245837569601494931472367 13.147428007912339
45427420268475430659332737993000283397102585042957378767593137448789955507087370207886940669610222847547657600391636120845912601788399 13.318148260137493
11629419588729710248789180926208072549658261770997088964503843186890228609814366773219056811420217048972200345700258846936553626057834493 13.256733426018988
762145642166990290864647761179972242614403843424065222377723867096038022172794340849684107193235344521442121855812163792833978437326241529839 13.633059880638333
799167628880894011233688890827050574271641124522232614619944181664095165137859998750798362384253944616915694367080095461234681773897801038410285039 12.60707732431181
1598335257761788022467377781654101148543282249044465229239888363328190330275719997501596724768507889233831388734160190922469363547795602076820570091 12.338240885591544
102293456496754433437912178025862473506770063938845774671352855253004181137646079840102190385184504910965208878986252219038039267058918532916516487137 12.250774870358228
6703903964971298549787012499102923063739682910296196688861780721860882015036773488400937149083451713845015929093243025426876941405973284973216824503041567 11.741101815214254
6703903964971298549787012499102923063739682910296196688861780721860882015036773488400937149083451713845015929093243025426876941405973284973216824503041861 11.860550065180748
13407807929942597099574024998205846127479365820592393377723561443721764030073546976801874298166903427690031858186486050853753882811946569946433649006083527 11.92183893018791
6864797660130609714981900799081393217269435300143305409394463459185543183397656052122559640661454554977296311391480858037121987999716643812574028291115057151 11.942966203762492