170141183460469231731687303715884105727 0.845
170141183460469231731687303715884105727 0.383
170141183460469231731687303715884105727 4.746
170141183460469231731687303715884105727 0.522
680564733841876926926749214863536422887 0.85
680564733841876926926749214863536422887 0.358
680564733841876926926749214863536422887 12.3
680564733841876926926749214863536422887 3.312
1361129467683753853853498429727072845819 0.862
1361129467683753853853498429727072845819 0.393
1361129467683753853853498429727072845819 11.949
1361129467683753853853498429727072845819 3.24
174224571863520493293247799005065324265459 1.401
174224571863520493293247799005065324265459 0.387
174224571863520493293247799005065324265459 12.457
174224571863520493293247799005065324265459 3.235
1393796574908163946345982392040522594123749 1.471
1393796574908163946345982392040522594123749 0.4
1393796574908163946345982392040522594123749 11.934
1393796574908163946345982392040522594123749 3.272
2787593149816327892691964784081045188247543 1.406
2787593149816327892691964784081045188247543 0.391
2787593149816327892691964784081045188247543 11.958
2787593149816327892691964784081045188247543 3.088
1427247692705959881058285969449495136382746619 1.594
1427247692705959881058285969449495136382746619 0.417
1427247692705959881058285969449495136382746619 12.578
1427247692705959881058285969449495136382746619 3.228
1427247692705959881058285969449495136382746621 1.584
1427247692705959881058285969449495136382746621 0.416
1427247692705959881058285969449495136382746621 11.889
1427247692705959881058285969449495136382746621 3.096
5708990770823839524233143877797980545530986479 1.76
5708990770823839524233143877797980545530986479 0.438
5708990770823839524233143877797980545530986479 11.867
5708990770823839524233143877797980545530986479 3.246
365375409332725729550921208179070754913983135729 1.735
365375409332725729550921208179070754913983135729 0.474
365375409332725729550921208179070754913983135729 11.904
365375409332725729550921208179070754913983135729 3.256
46768052394588893382517914646921056628989841375207 2.674
46768052394588893382517914646921056628989841375207 0.504
46768052394588893382517914646921056628989841375207 31.022
46768052394588893382517914646921056628989841375207 3.116
93536104789177786765035829293842113257979682750459 2.661
93536104789177786765035829293842113257979682750459 0.517
93536104789177786765035829293842113257979682750459 32.868
93536104789177786765035829293842113257979682750459 3.266
2993155353253689176481146537402947624255349848014829 2.891
2993155353253689176481146537402947624255349848014829 0.542
2993155353253689176481146537402947624255349848014829 32.961
2993155353253689176481146537402947624255349848014829 3.129
23945242826029513411849172299223580994042798784118767 2.882
23945242826029513411849172299223580994042798784118767 0.554
23945242826029513411849172299223580994042798784118767 33.234
23945242826029513411849172299223580994042798784118767 3.201
23945242826029513411849172299223580994042798784118781 2.986
23945242826029513411849172299223580994042798784118781 0.55
23945242826029513411849172299223580994042798784118781 31.199
23945242826029513411849172299223580994042798784118781 3.27
784637716923335095479473677900958302012794430558004314087 4.558
784637716923335095479473677900958302012794430558004314087 1.076
784637716923335095479473677900958302012794430558004314087 31.377
784637716923335095479473677900958302012794430558004314087 3.384
1569275433846670190958947355801916604025588861116008628213 4.469
1569275433846670190958947355801916604025588861116008628213 1.111
1569275433846670190958947355801916604025588861116008628213 32.95
1569275433846670190958947355801916604025588861116008628213 3.176
3138550867693340381917894711603833208051177722232017256429 4.487
3138550867693340381917894711603833208051177722232017256429 1.088
3138550867693340381917894711603833208051177722232017256429 33.35
3138550867693340381917894711603833208051177722232017256429 3.385
6277101735386680763835789423207666416083908700390324961279 31.397
6277101735386680763835789423207666416083908700390324961279 3.342
25108406941546723055343157692830665664409421777856138051551 4.694
25108406941546723055343157692830665664409421777856138051551 1.107
25108406941546723055343157692830665664409421777856138051551 76.051
25108406941546723055343157692830665664409421777856138051551 14.006
100433627766186892221372630771322662657637687111424552206321 5.064
100433627766186892221372630771322662657637687111424552206321 1.141
100433627766186892221372630771322662657637687111424552206321 72.078
100433627766186892221372630771322662657637687111424552206321 13.78
401734511064747568885490523085290650630550748445698208825327 4.758
401734511064747568885490523085290650630550748445698208825327 1.124
401734511064747568885490523085290650630550748445698208825327 72.115
401734511064747568885490523085290650630550748445698208825327 14.572
33343964418374048217495713416079124002335712120992951332503551 72.008
33343964418374048217495713416079124002335712120992951332503551 13.768
102844034832575377634685573909834406561420991602098741459288059 5.07
102844034832575377634685573909834406561420991602098741459288059 1.226
102844034832575377634685573909834406561420991602098741459288059 76.556
102844034832575377634685573909834406561420991602098741459288059 13.764
6582018229284824168619876730229402019930943462534319453394436067 7.526
6582018229284824168619876730229402019930943462534319453394436067 1.28
6582018229284824168619876730229402019930943462534319453394436067 77.088
6582018229284824168619876730229402019930943462534319453394436067 14.601
13164036458569648337239753460458804039861886925068638906788872189 5.891
13164036458569648337239753460458804039861886925068638906788872189 1.356
13164036458569648337239753460458804039861886925068638906788872189 76.757
13164036458569648337239753460458804039861886925068638906788872189 13.819
105312291668557186697918027683670107800341436973822328098290401279 76.573
105312291668557186697918027683670107800341436973822328098290401279 13.795
3369993333393829974333376885877453834204643052817571560137951281149 7.889
3369993333393829974333376885877453834204643052817571560137951281149 1.314
3369993333393829974333376885877453834204643052817571560137951281149 76.744
3369993333393829974333376885877453834204643052817571560137951281149 14.657
6739986666787659948666753771754907668409286105635143120275902562187 7.682
6739986666787659948666753771754907668409286105635143120275902562187 1.422
6739986666787659948666753771754907668409286105635143120275902562187 72.745
6739986666787659948666753771754907668409286105635143120275902562187 13.901
26959946667150639794667015087019630673557916260026308143510066298881 71.219
26959946667150639794667015087019630673557916260026308143510066298881 14.783
107839786668602559178668060348078522694548577690162289924414440996859 8.286
107839786668602559178668060348078522694548577690162289924414440996859 1.411
107839786668602559178668060348078522694548577690162289924414440996859 150.592
107839786668602559178668060348078522694548577690162289924414440996859 13.889
1725436586697640946858688965569256363112777243042596638790631055949797 8.776
1725436586697640946858688965569256363112777243042596638790631055949797 1.472
1725436586697640946858688965569256363112777243042596638790631055949797 161.21
1725436586697640946858688965569256363112777243042596638790631055949797 14.71
55213970774324510299478046898216203619608871777363092441300193790394353 9.118
55213970774324510299478046898216203619608871777363092441300193790394353 1.528
55213970774324510299478046898216203619608871777363092441300193790394353 159.423
55213970774324510299478046898216203619608871777363092441300193790394353 14.731
14134776518227074636666380005943348126619871175004951664972849610340958199 9.245
14134776518227074636666380005943348126619871175004951664972849610340958199 2.597
14134776518227074636666380005943348126619871175004951664972849610340958199 156.42
14134776518227074636666380005943348126619871175004951664972849610340958199 14.666
3618502788666131106986593281521497120414687020801267626233049500247285301239 13.144
3618502788666131106986593281521497120414687020801267626233049500247285301239 2.741
3618502788666131106986593281521497120414687020801267626233049500247285301239 151.581
3618502788666131106986593281521497120414687020801267626233049500247285301239 14.011
28723632732102194046035667469577626311807405711506937402182952014414119698431 150.937
28723632732102194046035667469577626311807405711506937402182952014414119698431 14.932
57896044618658097711785492504343953926634992332820282019728792003956564819203 16.108
57896044618658097711785492504343953926634992332820282019728792003956564819203 2.662
57896044618658097711785492504343953926634992332820282019728792003956564819203 151.32
57896044618658097711785492504343953926634992332820282019728792003956564819203 13.977
57896044618658097711785492504343953926634992332820282019728792003956564819949 13.643
57896044618658097711785492504343953926634992332820282019728792003956564819949 2.693
57896044618658097711785492504343953926634992332820282019728792003956564819949 150.82
57896044618658097711785492504343953926634992332820282019728792003956564819949 14.125
115636606695615697602567654828622531023877166082715509571142882662199379099647 148.429
115636606695615697602567654828622531023877166082715509571142882662199379099647 14.792
115792089210356248762697446949407573530086143415290314195533631308867097853951 159.531
115792089210356248762697446949407573530086143415290314195533631308867097853951 13.737
115792089237316195423570985008687907853269984665640564039457584007908834671663 4.208
115792089237316195423570985008687907853269984665640564039457584007908834671663 148.525
115792089237316195423570985008687907853269984665640564039457584007908834671663 14.134
115792089237316195423570985008687907853269984665640564039457584007913129639747 16.266
115792089237316195423570985008687907853269984665640564039457584007913129639747 2.739
115792089237316195423570985008687907853269984665640564039457584007913129639747 150.743
115792089237316195423570985008687907853269984665640564039457584007913129639747 14.168
118571099379011784113736688648896417641748464297615937576404566024103044751294461 15.071
118571099379011784113736688648896417641748464297615937576404566024103044751294461 2.993
118571099379011784113736688648896417641748464297615937576404566024103044751294461 288.205
118571099379011784113736688648896417641748464297615937576404566024103044751294461 44.843
62165404551223330269422781018352605012557018849668464680057997111644937126566671941623 20.651
62165404551223330269422781018352605012557018849668464680057997111644937126566671941623 3.304
62165404551223330269422781018352605012557018849668464680057997111644937126566671941623 294.307
62165404551223330269422781018352605012557018849668464680057997111644937126566671941623 44.92
3978585891278293137243057985174566720803649206378781739523711815145275976100267004264429 26.549
3978585891278293137243057985174566720803649206378781739523711815145275976100267004264429 3.627
3978585891278293137243057985174566720803649206378781739523711815145275976100267004264429 44.301
4271974071841820164790043412339104229205409044713305539894083215644439451561281100045924173873143 37.526
4271974071841820164790043412339104229205409044713305539894083215644439451561281100045924173873143 6.088
4271974071841820164790043412339104229205409044713305539894083215644439451561281100045924173873143 117.654
8543948143683640329580086824678208458410818089423688076513504625452471533457129634052536482660351 127.523
139984046386112763159840142535527767382602843577165595931249318810236991948760059086304843329475444719 43.916
139984046386112763159840142535527767382602843577165595931249318810236991948760059086304843329475444719 7.048
139984046386112763159840142535527767382602843577165595931249318810236991948760059086304843329475444719 117.831
139984046386112763159840142535527767382602843577165595931249318810236991948760059086304843329475444733 41.469
139984046386112763159840142535527767382602843577165595931249318810236991948760059086304843329475444733 7.012
139984046386112763159840142535527767382602843577165595931249318810236991948760059086304843329475444733 117.717
559936185544451052639360570142111069530411374308662383724997275240947967795040236345219373317901778929 41.3
559936185544451052639360570142111069530411374308662383724997275240947967795040236345219373317901778929 7.038
559936185544451052639360570142111069530411374308662383724997275240947967795040236345219373317901778929 117.67
1202453802380202612679414065556140558016349465041059773802132977424491020858679523053413887173001575952350707687 73.783
1202453802380202612679414065556140558016349465041059773802132977424491020858679523053413887173001575952350707687 11.856
1202453802380202612679414065556140558016349465041059773802132977424491020858679523053413887173001575952350707687 118.369
1231312693637327475383720003129487931408741852202045208373384168882678805359287831606695820465153613775207124697069 77.472
1231312693637327475383720003129487931408741852202045208373384168882678805359287831606695820465153613775207124697069 12.421
1231312693637327475383720003129487931408741852202045208373384168882678805359287831606695820465153613775207124697069 118.782
9850501549098619803069760025035903451269934817616361666987073351061430442874302652853566563721228910201656997576599 87.505
9850501549098619803069760025035903451269934817616361666987073351061430442874302652853566563721228910201656997576599 12.721
9850501549098619803069760025035903451269934817616361666987073351061430442874302652853566563721228910201656997576599 118.783
19701003098197239606139520050071806902539869635232723333974146702122860885748605305707133127442457820403313995152987 102.183
19701003098197239606139520050071806902539869635232723333974146702122860885748605305707133127442457820403313995152987 12.049
19701003098197239606139520050071806902539869635232723333974146702122860885748605305707133127442457820403313995152987 118.731
19701003098197239606139520050071806902539869635232723333974146702122860885748605305707133127442457820403313995153221 93.717
19701003098197239606139520050071806902539869635232723333974146702122860885748605305707133127442457820403313995153221 11.951
19701003098197239606139520050071806902539869635232723333974146702122860885748605305707133127442457820403313995153221 126.558
19701003098197239606139520050071806902539869635232723333974146702122860885748605305707133127442457820403313995153377 93.747
19701003098197239606139520050071806902539869635232723333974146702122860885748605305707133127442457820403313995153377 11.915
19701003098197239606139520050071806902539869635232723333974146702122860885748605305707133127442457820403313995153377 118.214
27242793346725870392864805069239920482418413479970250235261124736529268568574243274298145027791523704776457633923071 119.559
39399000061888528705747341564979723453684698396802844018513788071802160543945063912606632720166983136866747113537535 117.276
39402006196394479212279040100143613805079739270465446667948293404245721771496870329047266088258938001861606973112319 125.955
39402006196394479212279040100143613805079739270465446667948293404245721771497210611414266254884915640806627990306499 92.97
39402006196394479212279040100143613805079739270465446667948293404245721771497210611414266254884915640806627990306499 12.021
39402006196394479212279040100143613805079739270465446667948293404245721771497210611414266254884915640806627990306499 118.672
1260864198284623334792929283204595641762551656654894293374345388935863096687910739565256520156317300505812095689818091 89.802
1260864198284623334792929283204595641762551656654894293374345388935863096687910739565256520156317300505812095689818091 13.182
1260864198284623334792929283204595641762551656654894293374345388935863096687910739565256520156317300505812095689818091 269.942
5164499756173817179311838344006023748659411585658447025661318713081295244033682389259290706560275662871806343945494986721 96.196
5164499756173817179311838344006023748659411585658447025661318713081295244033682389259290706560275662871806343945494986721 13.304
5164499756173817179311838344006023748659411585658447025661318713081295244033682389259290706560275662871806343945494986721 267.573
21153791001287955166461289857048673274508949854856999017108761448780985319561963066406054734070889115122918784800747465736171 118.693
21153791001287955166461289857048673274508949854856999017108761448780985319561963066406054734070889115122918784800747465736171 18.775
21153791001287955166461289857048673274508949854856999017108761448780985319561963066406054734070889115122918784800747465736171 268.009
42307582002575910332922579714097346549017899709713998034217522897561970639123926132812109468141778230245837569601494931472367 117.865
42307582002575910332922579714097346549017899709713998034217522897561970639123926132812109468141778230245837569601494931472367 20.251
42307582002575910332922579714097346549017899709713998034217522897561970639123926132812109468141778230245837569601494931472367 266.533
169230328010303641331690318856389386196071598838855992136870091178871743226194193992506142233229486675299383870011013888737279 268.774
45427420268475430659332737993000283397102585042957378767593137448789955507087370207886940669610222847547657600391636120845912601788399 154.974
45427420268475430659332737993000283397102585042957378767593137448789955507087370207886940669610222847547657600391636120845912601788399 21.591
45427420268475430659332737993000283397102585042957378767593137448789955507087370207886940669610222847547657600391636120845912601788399 267.989
726838724295606890549323807888004534353641360687318060281490199180612328166730772686396383698676545930088884461843637361053498018365439 266.149
11629419588729710248789180926208072549658261770997088964503843186890228609814366773219056811420217048972200345700258846936553626057834493 148.123
11629419588729710248789180926208072549658261770997088964503843186890228609814366773219056811420217048972200345700258846936553626057834493 23.691
11629419588729710248789180926208072549658261770997088964503843186890228609814366773219056811420217048972200345700258846936553626057834493 546.016
762145642166990290864647761179972242614403843424065222377723867096038022172794340849684107193235344521442121855812163792833978437326241529839 171.354
762145642166990290864647761179972242614403843424065222377723867096038022172794340849684107193235344521442121855812163792833978437326241529839 23.591
762145642166990290864647761179972242614403843424065222377723867096038022172794340849684107193235344521442121855812163792833978437326241529839 546.24
799167628880894011233688890827050574271641124522232614619944181664095165137859998750798362384253944616915694367080095461234681773897801038410285039 249.325
799167628880894011233688890827050574271641124522232614619944181664095165137859998750798362384253944616915694367080095461234681773897801038410285039 33.447
1598335257761788022467377781654101148543282249044465229239888363328190330275719997501596724768507889233831388734160190922469363547795602076820570091 244.979
1598335257761788022467377781654101148543282249044465229239888363328190330275719997501596724768507889233831388734160190922469363547795602076820570091 33.662
1598335257761788022467377781654101148543282249044465229239888363328190330275719997501596724768507889233831388734160190922469363547795602076820570091 546.867
102293456496754433437912178025862473506770063938845774671352855253004181137646079840102190385184504910965208878986252219038039267058918532916516487137 268.518
102293456496754433437912178025862473506770063938845774671352855253004181137646079840102190385184504910965208878986252219038039267058918532916516487137 36.19
102293456496754433437912178025862473506770063938845774671352855253004181137646079840102190385184504910965208878986252219038039267058918532916516487137 547.593
3292621777717531703499517186296461297235914818063567795121505704883698582458552017893209304118318844074148143396809486426396407928092469737516832688963583 543.673
6703903964971298549787012499102923063739682910296196688861780721860882015036773488400937149083451713845015929093243025426876941405973284973216824503041567 382.037
6703903964971298549787012499102923063739682910296196688861780721860882015036773488400937149083451713845015929093243025426876941405973284973216824503041567 50.453
6703903964971298549787012499102923063739682910296196688861780721860882015036773488400937149083451713845015929093243025426876941405973284973216824503041567 549.953
6703903964971298549787012499102923063739682910296196688861780721860882015036773488400937149083451713845015929093243025426876941405973284973216824503041861 366.824
6703903964971298549787012499102923063739682910296196688861780721860882015036773488400937149083451713845015929093243025426876941405973284973216824503041861 47.168
6703903964971298549787012499102923063739682910296196688861780721860882015036773488400937149083451713845015929093243025426876941405973284973216824503041861 548.004
13307355755662784245937995239384449178495717617804446826996292939863313924196378526398893947208652243867464023067321551174658528251694711947109629815685119 544.083
13407807929942597099574024998205846127479365820592393377723561443721764030073546976801874298166903427690031858186486050853753882811946569946433649006083527 407.592
13407807929942597099574024998205846127479365820592393377723561443721764030073546976801874298166903427690031858186486050853753882811946569946433649006083527 46.985
6864797660130609714981900799081393217269435300143305409394463459185543183397656052122559640661454554977296311391480858037121987999716643812574028291115057151 240.569
6864797660130609714981900799081393217269435300143305409394463459185543183397656052122559640661454554977296311391480858037121987999716643812574028291115057151 37.977