170141183460469231731687303715884105727 4.565217391304348
680564733841876926926749214863536422887 3.0791366906474815
1361129467683753853853498429727072845819 3.1884057971014492
174224571863520493293247799005065324265459 3.372262773722628
1393796574908163946345982392040522594123749 3.1594202898550723
2787593149816327892691964784081045188247543 3.2043795620437954
1427247692705959881058285969449495136382746619 3.1014492753623184
1427247692705959881058285969449495136382746621 2.9927536231884053
5708990770823839524233143877797980545530986479 3.2043795620437954
365375409332725729550921208179070754913983135729 3.144927536231884
46768052394588893382517914646921056628989841375207 3.158273381294964
93536104789177786765035829293842113257979682750459 2.9999999999999996
2993155353253689176481146537402947624255349848014829 3.1654676258992804
23945242826029513411849172299223580994042798784118767 3.287769784172662
23945242826029513411849172299223580994042798784118781 3.1942446043165464
784637716923335095479473677900958302012794430558004314087 3.014285714285714
1569275433846670190958947355801916604025588861116008628213 3.157142857142857
3138550867693340381917894711603833208051177722232017256429 3.2805755395683454
6277101735386680763835789423207666416083908700390324961279 3.321428571428571
25108406941546723055343157692830665664409421777856138051551 2.4333333333333336
100433627766186892221372630771322662657637687111424552206321 2.471929824561404
401734511064747568885490523085290650630550748445698208825327 2.4175438596491228
33343964418374048217495713416079124002335712120992951332503551 2.3723776223776225
102844034832575377634685573909834406561420991602098741459288059 2.3901581722319865
6582018229284824168619876730229402019930943462534319453394436067 2.342059336823735
13164036458569648337239753460458804039861886925068638906788872189 2.4493006993006996
105312291668557186697918027683670107800341436973822328098290401279 2.2475728155339807
3369993333393829974333376885877453834204643052817571560137951281149 2.3895652173913047
6739986666787659948666753771754907668409286105635143120275902562187 2.3362369337979096
26959946667150639794667015087019630673557916260026308143510066298881 2.1893203883495147
107839786668602559178668060348078522694548577690162289924414440996859 2.373029772329247
1725436586697640946858688965569256363112777243042596638790631055949797 2.3607705779334505
55213970774324510299478046898216203619608871777363092441300193790394353 2.3403141361256545
14134776518227074636666380005943348126619871175004951664972849610340958199 2.2193548387096773
3618502788666131106986593281521497120414687020801267626233049500247285301239 2.164274322169059
28723632732102194046035667469577626311807405711506937402182952014414119698431 2.20414673046252
57896044618658097711785492504343953926634992332820282019728792003956564819203 2.1801948051948052
57896044618658097711785492504343953926634992332820282019728792003956564819949 2.168
115636606695615697602567654828622531023877166082715509571142882662199379099647 2.273021001615509
115792089210356248762697446949407573530086143415290314195533631308867097853951 2.202247191011236
115792089237316195423570985008687907853269984665640564039457584007908834671663 2.1904761904761902
115792089237316195423570985008687907853269984665640564039457584007913129639747 2.2442996742671006
118571099379011784113736688648896417641748464297615937576404566024103044751294461 1.9326396495071192
62165404551223330269422781018352605012557018849668464680057997111644937126566671941623 1.8897379912663756
3978585891278293137243057985174566720803649206378781739523711815145275976100267004264429 1.8603504928806132
4271974071841820164790043412339104229205409044713305539894083215644439451561281100045924173873143 1.6646103228459799
8543948143683640329580086824678208458410818089423688076513504625452471533457129634052536482660351 1.6585981898547673
139984046386112763159840142535527767382602843577165595931249318810236991948760059086304843329475444719 1.6975269499048828
139984046386112763159840142535527767382602843577165595931249318810236991948760059086304843329475444733 1.6483701366982124
559936185544451052639360570142111069530411374308662383724997275240947967795040236345219373317901778929 1.670266836086404
1202453802380202612679414065556140558016349465041059773802132977424491020858679523053413887173001575952350707687 1.6248941574936495
1231312693637327475383720003129487931408741852202045208373384168882678805359287831606695820465153613775207124697069 1.671682916490038
9850501549098619803069760025035903451269934817616361666987073351061430442874302652853566563721228910201656997576599 1.643489254108723
19701003098197239606139520050071806902539869635232723333974146702122860885748605305707133127442457820403313995152987 1.654807285048708
19701003098197239606139520050071806902539869635232723333974146702122860885748605305707133127442457820403313995153221 1.654917686787674
19701003098197239606139520050071806902539869635232723333974146702122860885748605305707133127442457820403313995153377 1.6476913345983555
27242793346725870392864805069239920482418413479970250235261124736529268568574243274298145027791523704776457633923071 1.6266049252788886
39399000061888528705747341564979723453684698396802844018513788071802160543945063912606632720166983136866747113537535 1.6282105263157896
39402006196394479212279040100143613805079739270465446667948293404245721771496870329047266088258938001861606973112319 1.6698906644238856
39402006196394479212279040100143613805079739270465446667948293404245721771497210611414266254884915640806627990306499 1.6463749735785247
1260864198284623334792929283204595641762551656654894293374345388935863096687910739565256520156317300505812095689818091 1.5473586654309548
5164499756173817179311838344006023748659411585658447025661318713081295244033682389259290706560275662871806343945494986721 1.523101236404202
21153791001287955166461289857048673274508949854856999017108761448780985319561963066406054734070889115122918784800747465736171 1.5286220399030392
42307582002575910332922579714097346549017899709713998034217522897561970639123926132812109468141778230245837569601494931472367 1.5514237542150617
169230328010303641331690318856389386196071598838855992136870091178871743226194193992506142233229486675299383870011013888737279 1.5141632500931794
45427420268475430659332737993000283397102585042957378767593137448789955507087370207886940669610222847547657600391636120845912601788399 1.5360452186805043
726838724295606890549323807888004534353641360687318060281490199180612328166730772686396383698676545930088884461843637361053498018365439 1.5616040475967397
2907354897182427562197295231552018137414565442749272241125960796722503232560257392025174868824880222981702812136219630589176199293960191 1.4397347965249199
11629419588729710248789180926208072549658261770997088964503843186890228609814366773219056811420217048972200345700258846936553626057834493 1.4167311104034934
762145642166990290864647761179972242614403843424065222377723867096038022172794340849684107193235344521442121855812163792833978437326241529839 1.4481990176459887
3121748550315992231381597229793166305748598142664971150859156959625371737052918555341921773480194470416908415293922726019829017557682084013670399 1.447973713033954
799167628880894011233688890827050574271641124522232614619944181664095165137859998750798362384253944616915694367080095461234681773897801038410285039 1.4344147323650516
1598335257761788022467377781654101148543282249044465229239888363328190330275719997501596724768507889233831388734160190922469363547795602076820570091 1.4154082647617328
102293456496754433437912178025862473506770063938845774671352855253004181137646079840102190385184504910965208878986252219038039267058918532916516487137 1.4282038550083511
3292621777717531703499517186296461297235914818063567795121505704883698582458552017893209304118318844074148143396809486426396407928092469737516832688963583 1.4309751960020172
6703903964971298549787012499102923063739682910296196688861780721860882015036773488400937149083451713845015929093243025426876941405973284973216824503041567 1.4299360146252285
6703903964971298549787012499102923063739682910296196688861780721860882015036773488400937149083451713845015929093243025426876941405973284973216824503041861 1.4494990892531876
13307355755662784245937995239384449178495717617804446826996292939863313924196378526398893947208652243867464023067321551174658528251694711947109629815685119 1.443945777614948
13407807929942597099574024998205846127479365820592393377723561443721764030073546976801874298166903427690031858186486050853753882811946569946433649006083527 1.438040476298275
6864797660130609714981900799081393217269435300143305409394463459185543183397656052122559640661454554977296311391480858037121987999716643812574028291115057151 1.3323688363862451