170141183460469231731687303715884105727 6.080830552465702
680564733841876926926749214863536422887 6.905271347986773
1361129467683753853853498429727072845819 6.4764572028706455
174224571863520493293247799005065324265459 10.402774073086157
1393796574908163946345982392040522594123749 10.409030933880661
2787593149816327892691964784081045188247543 6.9716775599128535
1427247692705959881058285969449495136382746619 9.325216940810774
1427247692705959881058285969449495136382746621 8.820286659316427
5708990770823839524233143877797980545530986479 10.912825779946079
365375409332725729550921208179070754913983135729 6.86626746506986
46768052394588893382517914646921056628989841375207 12.994044396318355
93536104789177786765035829293842113257979682750459 9.766306243460065
2993155353253689176481146537402947624255349848014829 13.201320132013201
23945242826029513411849172299223580994042798784118767 6.929549579277347
23945242826029513411849172299223580994042798784118781 15.878266622560371
784637716923335095479473677900958302012794430558004314087 12.337896253602308
1569275433846670190958947355801916604025588861116008628213 11.871113623516111
3138550867693340381917894711603833208051177722232017256429 11.788333915473281
25108406941546723055343157692830665664409421777856138051551 12.72149023171286
100433627766186892221372630771322662657637687111424552206321 11.23946300343428
401734511064747568885490523085290650630550748445698208825327 12.94241944004226
102844034832575377634685573909834406561420991602098741459288059 10.88871096877502
6582018229284824168619876730229402019930943462534319453394436067 11.834319526627219
13164036458569648337239753460458804039861886925068638906788872189 7.259337190952132
3369993333393829974333376885877453834204643052817571560137951281149 6.825100657959345
6739986666787659948666753771754907668409286105635143120275902562187 7.294624498188583
107839786668602559178668060348078522694548577690162289924414440996859 7.847417108408689
1725436586697640946858688965569256363112777243042596638790631055949797 7.329385496553733
55213970774324510299478046898216203619608871777363092441300193790394353 7.421150278293134
14134776518227074636666380005943348126619871175004951664972849610340958199 8.364074655758063
3618502788666131106986593281521497120414687020801267626233049500247285301239 8.803185914902537
57896044618658097711785492504343953926634992332820282019728792003956564819203 8.20693953874922
57896044618658097711785492504343953926634992332820282019728792003956564819949 7.851386584498697
115792089237316195423570985008687907853269984665640564039457584007908834671663 10.495119497539358
115792089237316195423570985008687907853269984665640564039457584007913129639747 8.299893679047914
118571099379011784113736688648896417641748464297615937576404566024103044751294461 9.518477043673013
62165404551223330269422781018352605012557018849668464680057997111644937126566671941623 13.363554800018886
3978585891278293137243057985174566720803649206378781739523711815145275976100267004264429 13.542207332609824
4271974071841820164790043412339104229205409044713305539894083215644439451561281100045924173873143 12.362043627352103
139984046386112763159840142535527767382602843577165595931249318810236991948760059086304843329475444719 13.065681534198946
139984046386112763159840142535527767382602843577165595931249318810236991948760059086304843329475444733 12.931495137330339
559936185544451052639360570142111069530411374308662383724997275240947967795040236345219373317901778929 12.177352206494588
1202453802380202612679414065556140558016349465041059773802132977424491020858679523053413887173001575952350707687 12.76199989666397
1231312693637327475383720003129487931408741852202045208373384168882678805359287831606695820465153613775207124697069 12.232516733159683
9850501549098619803069760025035903451269934817616361666987073351061430442874302652853566563721228910201656997576599 12.899020566390504
19701003098197239606139520050071806902539869635232723333974146702122860885748605305707133127442457820403313995152987 12.947536189020884
19701003098197239606139520050071806902539869635232723333974146702122860885748605305707133127442457820403313995153221 12.280525398740116
19701003098197239606139520050071806902539869635232723333974146702122860885748605305707133127442457820403313995153377 13.1027342622923
39402006196394479212279040100143613805079739270465446667948293404245721771497210611414266254884915640806627990306499 13.32652540209344
1260864198284623334792929283204595641762551656654894293374345388935863096687910739565256520156317300505812095689818091 13.080311758725855
5164499756173817179311838344006023748659411585658447025661318713081295244033682389259290706560275662871806343945494986721 13.815611471861471
21153791001287955166461289857048673274508949854856999017108761448780985319561963066406054734070889115122918784800747465736171 13.22246296187855
42307582002575910332922579714097346549017899709713998034217522897561970639123926132812109468141778230245837569601494931472367 13.836103037980973
45427420268475430659332737993000283397102585042957378767593137448789955507087370207886940669610222847547657600391636120845912601788399 13.035342818017417
11629419588729710248789180926208072549658261770997088964503843186890228609814366773219056811420217048972200345700258846936553626057834493 12.519592865220927
762145642166990290864647761179972242614403843424065222377723867096038022172794340849684107193235344521442121855812163792833978437326241529839 12.573027547219754
799167628880894011233688890827050574271641124522232614619944181664095165137859998750798362384253944616915694367080095461234681773897801038410285039 12.660153360022678
1598335257761788022467377781654101148543282249044465229239888363328190330275719997501596724768507889233831388734160190922469363547795602076820570091 12.684394819366906
102293456496754433437912178025862473506770063938845774671352855253004181137646079840102190385184504910965208878986252219038039267058918532916516487137 12.689037669316395
6703903964971298549787012499102923063739682910296196688861780721860882015036773488400937149083451713845015929093243025426876941405973284973216824503041567 12.255423618913742
6703903964971298549787012499102923063739682910296196688861780721860882015036773488400937149083451713845015929093243025426876941405973284973216824503041861 12.367183417523078
13407807929942597099574024998205846127479365820592393377723561443721764030073546976801874298166903427690031858186486050853753882811946569946433649006083527 12.220375069268236
6864797660130609714981900799081393217269435300143305409394463459185543183397656052122559640661454554977296311391480858037121987999716643812574028291115057151 11.857327443733286