170141183460469231731687303715884105727 11.117820480943415
680564733841876926926749214863536422887 9.901773660444112
1361129467683753853853498429727072845819 9.633868299879296
174224571863520493293247799005065324265459 9.326232678907347
1393796574908163946345982392040522594123749 10.252085711984614
2787593149816327892691964784081045188247543 10.096207629488756
1427247692705959881058285969449495136382746619 10.443138500635325
1427247692705959881058285969449495136382746621 10.77967660970171
5708990770823839524233143877797980545530986479 9.814058956916101
365375409332725729550921208179070754913983135729 10.782518449033764
46768052394588893382517914646921056628989841375207 9.517856757980043
93536104789177786765035829293842113257979682750459 10.148661777227426
2993155353253689176481146537402947624255349848014829 10.070357328719442
23945242826029513411849172299223580994042798784118767 9.682460858479999
23945242826029513411849172299223580994042798784118781 10.06641963529107
784637716923335095479473677900958302012794430558004314087 10.590331650164085
1569275433846670190958947355801916604025588861116008628213 10.847451136205882
3138550867693340381917894711603833208051177722232017256429 10.591955940470765
6277101735386680763835789423207666416083908700390324961279 11.243927601020985
25108406941546723055343157692830665664409421777856138051551 10.523632522154532
100433627766186892221372630771322662657637687111424552206321 9.472615910931742
401734511064747568885490523085290650630550748445698208825327 10.303467826846099
33343964418374048217495713416079124002335712120992951332503551 10.10292867350446
102844034832575377634685573909834406561420991602098741459288059 10.367541257779893
6582018229284824168619876730229402019930943462534319453394436067 11.033915031415665
13164036458569648337239753460458804039861886925068638906788872189 10.748209637774591
105312291668557186697918027683670107800341436973822328098290401279 9.759605735566309
3369993333393829974333376885877453834204643052817571560137951281149 10.974026373599324
6739986666787659948666753771754907668409286105635143120275902562187 10.104515391524455
26959946667150639794667015087019630673557916260026308143510066298881 10.569672560783845
107839786668602559178668060348078522694548577690162289924414440996859 9.247862159899991
1725436586697640946858688965569256363112777243042596638790631055949797 9.01021619382294
55213970774324510299478046898216203619608871777363092441300193790394353 8.809110985169067
14134776518227074636666380005943348126619871175004951664972849610340958199 9.420367092421255
3618502788666131106986593281521497120414687020801267626233049500247285301239 9.478773330945845
28723632732102194046035667469577626311807405711506937402182952014414119698431 8.76136066209984
57896044618658097711785492504343953926634992332820282019728792003956564819203 8.799757585646274
57896044618658097711785492504343953926634992332820282019728792003956564819949 8.913957430325965
115636606695615697602567654828622531023877166082715509571142882662199379099647 10.091345088874354
115792089210356248762697446949407573530086143415290314195533631308867097853951 8.76490075361816
115792089237316195423570985008687907853269984665640564039457584007908834671663 9.291293540971326
115792089237316195423570985008687907853269984665640564039457584007913129639747 9.103902123834139
118571099379011784113736688648896417641748464297615937576404566024103044751294461 8.179749003682662
62165404551223330269422781018352605012557018849668464680057997111644937126566671941623 8.439715453920847
3978585891278293137243057985174566720803649206378781739523711815145275976100267004264429 6.972942923757291